	Prefeed_HiCHO_mean	T1_LoCHO_FAT_mean	theta	prob	log2FC
K00040	7182.22579175129	2821.65329195569	3.21344371545091	1	1.34789027954346
K01208	1987.56169572808	607.863011980654	2.9772832517949	1	1.70918150403141
K02761	3809.37242645345	1470.2175345099	3.26726083192304	1	1.37352370795727
K03687	1342.13405137851	480.46626493242	3.74906287993615	1	1.48202173062072
K03695	12799.4098085196	7373.14051316856	3.54016806328591	1	0.795726131469512
K04079	5903.78462016543	2242.10006280511	4.50830357320384	1	1.39678942476015
K10877	92.4693469575266	3.98677124633748	2.91709294241152	0.999999999999999	4.53568246637977
K03293	792.762760837041	85.6922726927761	3.1540420257755	0.999999999999997	3.2096521749152
K05516	408.987466374613	127.20199849285	2.93144689815209	0.999999999999997	1.68493529449914
K07284	6525.17949746349	1498.13186555673	3.07592194993012	0.999999999999992	2.12285297311492
K21575	3081.55577397865	1311.30798359515	2.61607816779756	0.999999999999951	1.2326523356031
K04771	4615.88043089923	2333.37485035115	2.87761121040943	0.999999999999939	0.984187762111255
K24213	105.540845755593	7.08899468400616	2.59607986928754	0.999999999995437	3.89607659139133
K13993	1377.79223256643	249.205987702895	2.85142761663092	0.999999999402932	2.466947712136
K18707	1417.36143551995	826.559134771162	2.5793878758176	0.999999998826266	0.77801775741837
K14652	2407.47370682591	1130.66326975464	2.57655953806917	0.999999997267906	1.09035070697011
K23304	222.349679453121	20.5810331552433	2.64799578645329	0.99999999696102	3.43344301328386
K02770	1492.07349279784	483.333001218091	2.84473230709115	0.999999995586357	1.62622918978922
K05989	546.277962977088	129.993415868281	2.56784759304583	0.999999968889745	2.0711966724566
K03553	1237.9149955151	677.080231910776	2.66073700420716	0.999999903914994	0.870513547804497
K26114	369.824406697885	62.5177608614193	2.66310774080958	0.999999826874965	2.56450242632117
K01804	1695.68797198868	752.874190213201	2.66853674698279	0.999999394439014	1.17139001303998
K21739	370.450518680352	53.4057282577277	2.67211179845479	0.999998672911702	2.79421445597742
K05919	4607.68430462218	1556.28857282248	2.67232833817743	0.999998614337307	1.56593227893543
K14441	12669.3133135093	5838.34230863192	2.82031895843575	0.999998175037225	1.11770762614164
K08884	193.514014312029	27.4223490751183	2.37586333425887	0.999998034718563	2.81901398351447
K03502	1974.31839340268	867.723777435133	2.36931229715576	0.999996894534301	1.18604690072677
K01621	993.607635849765	377.721689004303	2.54717816695287	0.9999964153143	1.39535263411133
K07486	2521.93316809904	1163.19902874831	2.54590924238447	0.999995421540733	1.11643207462521
K00973	2089.79070665975	1189.61126674128	2.8145940424401	0.999994349175646	0.812868246828442
K04043	15928.1340632819	7937.07892478308	2.81147326243142	0.999989975848156	1.00489721249274
K03686	2611.72359543587	1154.25999853338	2.35252353841198	0.999949900620819	1.17803399182979
K03596	3704.33308448021	2031.01538652979	2.80142998768287	0.999949357275551	0.867012658786353
K02392	41.4828463666696	5.22534912602965	2.05263320637752	0.999876746264857	2.98891555117426
K03654	2018.24127767269	1098.93391559017	2.04831308836248	0.999872215562699	0.876994024346017
K01686	2394.85656078842	1315.59059767884	2.04639055429953	0.999859285176836	0.864228646158672
K00700	3181.9784097392	2076.30207608999	2.27424777889112	0.999853600231635	0.615907693648472
K00343	1100.68075219474	557.597513577365	2.05744015303039	0.999837601629174	0.981100048859772
K01631	59.0836927928034	6.11879011279224	2.04367444440995	0.999828985103197	3.27144168117663
K00874	610.424208886769	341.112300906365	2.05850637636738	0.99982197701994	0.839565398171607
K05540	819.566575169758	390.711309511812	2.34012173081332	0.999771244792627	1.06875813101983
K05349	3235.17929411893	1846.72344954605	2.40961002440319	0.999766028142493	0.808877832720631
K20861	167.558950818894	33.6138813094961	2.28235756190097	0.999712445349416	2.31753971410915
K01676	4728.62327719377	2450.01550041198	2.28243086536118	0.999710656494495	0.948629332180893
K07098	548.466218464396	198.984923993961	2.063941604526	0.999699865585927	1.46274363408006
K01347	7.87806755262357	0.484283303650957	2.33726459857649	0.999698480429993	4.02391861781841
K12251	630.772620275391	241.737440228286	2.41548179020751	0.999606436654936	1.38367910431271
K04078	468.136806596357	140.115494742185	2.7113441284071	0.999562633640556	1.74031369362791
K25026	745.730149223995	353.20034029136	2.33258685990487	0.999553564566977	1.07816693666051
K03289	1029.25727287494	499.895104378767	2.03123811876802	0.999532199092435	1.04190633951665
K18799	317.71341211312	112.738080538722	2.41953873806085	0.999472869090775	1.49475108429178
K04077	5738.37357613318	2850.15699060958	2.02796657496561	0.9994187955053	1.00960050551113
K01442	3735.74068739259	2139.64447075794	2.07166728244071	0.999393639472632	0.804023220983685
K00013	1441.74421449755	719.810724193031	2.50508158909374	0.999336386272041	1.00212573137491
K01975	284.099661910726	58.803286588541	2.46436639926371	0.999279553950226	2.27242841822619
K14194	149.480696768079	18.9642068584006	2.46700171595501	0.999267137601989	2.9786082535687
K03526	1611.93608921737	964.279351536157	2.71817386713104	0.99926410556565	0.741271483778536
K07749	597.464695763002	256.317005700209	2.45928684277889	0.999255407254019	1.22092426727706
K06921	357.372513735057	105.146823296844	2.32328760909819	0.999217846736533	1.76502341403859
K02337	2242.51028520473	1509.55310739244	2.47250537696711	0.999192248818847	0.570993089024501
K19783	389.503247365431	125.27045874824	2.47452615172265	0.999153306804446	1.63658911762614
K01885	1930.28951271549	1185.8723397123	2.3028341012088	0.999044527013553	0.702868534277788
K01803	2603.07339290656	1526.1418022256	2.01808208529984	0.999041870826402	0.770326971559078
K02115	1399.52951326485	876.591532214189	2.07815659140755	0.999031178744107	0.674965263016808
K00800	1478.80429165327	787.392575919253	2.01772752110114	0.999028374356576	0.909276120555132
K00625	4267.50519244803	2081.19084915996	2.44135264856662	0.998987286762928	1.03598363962079
K00384	1700.5446340272	1132.34982363901	2.48435876486291	0.99898106000361	0.586677145333775
K03977	3162.34909531791	2118.39128194981	2.49106801133393	0.99897546569959	0.578027547248575
K07126	645.23927181794	188.536033803177	2.01519313582777	0.998933930351441	1.77499396548335
K13290	508.67366915068	169.646330468725	2.72482952722952	0.998921273096053	1.58421019264609
K03100	2675.30966524029	1114.77697638462	2.76758638064529	0.998822943872521	1.26295078041288
K01193	582.887110115058	198.515997199518	2.16997648118275	0.998617495133184	1.55396122834747
K01662	6788.99832011154	3867.56005167276	2.16561452797213	0.998600914359973	0.811775035742141
K00147	1824.82674438176	1120.12256529358	2.17356277745361	0.99858401341863	0.704102893314563
K21527	35.8729035032988	2.28892288177849	2.1626549513368	0.998555757764755	3.97015375811696
K21636	5350.60945554976	3614.56788264223	2.21672990709476	0.998522974136039	0.565880044554315
K01812	2584.27588952575	1584.88482374293	2.16102593302199	0.998521240067288	0.70538209495087
K03664	1846.59973800871	1100.21937437872	2.0866285736902	0.998512126886509	0.747079973529516
K22373	721.637863823734	323.16579913237	2.16029235522823	0.998503386171924	1.15900051303807
K00135	95.54799941334	12.1769328534301	2.08723085333963	0.998477858725996	2.97207487581028
K09014	2887.96284653631	1633.46609700011	2.18276925765027	0.99835395895679	0.82211567057376
K15772	65.5142414997381	12.039515517507	1.99487833885771	0.998336471490969	2.44403121636352
K01924	3164.23805862201	2321.83140468845	1.9945679017332	0.998329261764129	0.446594926278249
K02112	5002.26336738528	3546.37210238812	2.18396355046451	0.998317472065292	0.496237098229657
K10591	21.5698221474808	1.25663300108039	2.20944990494066	0.998292529266601	4.10137900274505
K16786	385.136492795921	167.888831939524	2.1529530696384	0.998292059991625	1.19786356456379
K00784	629.435501593743	279.286783084826	1.99207576284469	0.998273311593525	1.17231125080781
K03367	742.30990960167	109.615714872304	2.74324909964588	0.998216049318909	2.75956698582134
K01807	184.256040074311	35.4728835460937	1.98894546937027	0.998207961448029	2.3769233978839
K03426	959.452477798033	251.57328654162	2.74452143757755	0.998201302708373	1.93123261379886
K05808	1971.48819684194	898.524015058808	2.74962565801126	0.998197623890448	1.13365610455351
K00897	55.167795820288	4.48627689964469	1.9882802551545	0.998194694344913	3.62023576648207
K01226	174.802958749181	38.2328178363901	2.20560005317101	0.998187508299549	2.19284616562372
K01752	649.050366995983	363.785260501801	2.2018640185229	0.998113635474364	0.835243346776127
K05687	679.110210822676	266.717113714547	2.20052016795743	0.998096126244032	1.34833532689261
K01223	11484.8548084169	6298.70139032907	2.19730696110428	0.998076183485851	0.866606295795064
K00239	1608.7309699071	880.491621270925	1.98108285754501	0.998074747896942	0.869541901939508
K01129	1611.97381868946	923.765196783366	2.14420694043908	0.998074550968089	0.803230213911743
K01788	592.59347304755	214.452943212239	2.12742429240197	0.998049348431729	1.46638162017202
K11392	272.304221825494	114.689800422541	2.11559058823496	0.998048984065814	1.2474822547067
K00425	1079.29167108551	532.96634621964	2.11490821031344	0.998044034632583	1.01796845281889
K13378	1390.58078409205	738.036854412537	2.11462439605078	0.998041979628001	0.913922793491427
K26605	315.397429792543	120.65566036513	2.11336246596046	0.998031733224026	1.38627530465442
K27043	180.738984840265	45.5472750997101	1.97675662516457	0.998025161664536	1.98847107323204
K01858	897.871026408843	509.286920551682	1.97642917507921	0.99802230801703	0.818029559092577
K00762	1088.33942587026	561.317230171216	2.13232946450114	0.99802043356568	0.955240317295612
K09693	140.523617835265	34.4188923423433	2.09984495409162	0.998010147654908	2.02954005000391
K03439	1221.54550371045	584.526958221794	2.10016684253372	0.998005790259558	1.06336613824276
K01577	2466.28047082911	1179.58427720671	1.97321271963452	0.99799815317176	1.06405837769925
K21573	9469.85983114158	6033.47285851671	1.96932249108722	0.997980375291965	0.650354417238198
K07005	260.66997640407	90.4249780439557	1.96438404322961	0.997970833601938	1.52743117719233
K15770	119.182804652088	32.6175632429794	1.96032888399918	0.997965366258242	1.86945519106108
K08600	642.552829012142	306.161923351724	1.9581713090417	0.997959967044809	1.0695202044357
K18104	50.6175146547206	6.18731352458222	1.95338977535178	0.997930799160787	3.03225162673971
K02041	998.085444903355	290.045173293586	1.95172096855979	0.9979117830189	1.7828857169359
K03231	357.537069481803	83.1691087521547	1.94622226173927	0.9978024180967	2.1039731512619
K00979	706.382518796109	341.512078924336	1.94336851417673	0.997709622856142	1.04851303429805
K01414	1582.16262856138	798.137107248939	1.93058132515573	0.996941778264473	0.987189395400995
K00564	62.3396582928974	11.8912499585606	1.92748159157743	0.996688267930444	2.39024987389577
K02909	669.092993042241	419.211075013021	1.85059717886781	0.996391761470988	0.67452990443392
K22926	676.822344472992	300.355536967565	1.92356301683217	0.996356918147708	1.17210593830411
K02400	80.7530787406448	18.0772232034438	1.85727600769607	0.996277354639106	2.15934417809718
K26604	31.5096378754927	1.53723066858109	1.85756112579557	0.996271819322686	4.35738760482081
K02010	445.754396862466	188.134768567844	1.86000650290405	0.996223706840858	1.2444825352472
K06595	5.20137677928438	0.662699223134174	1.86043505531431	0.996215236358306	2.97246741491214
K16212	421.01885032085	162.951528841398	1.86878230744613	0.996052696336067	1.36944194090131
K00975	1739.62622843078	1095.27222741712	1.87128804148153	0.996002461036397	0.667487872701401
K07713	1119.21300238872	606.58152398683	1.83174405593088	0.995953078085543	0.88371116778702
K02470	3840.10804539065	2485.44022137852	1.91632181113718	0.995793189025863	0.627645498541225
K03046	9183.15944401574	6970.46312690293	1.88091887933548	0.995770493604716	0.397736080949326
K10008	140.157629997966	38.2520614605636	1.88522689488436	0.995641481831818	1.87344088094088
K13936	288.360335862275	120.229273709971	1.90621541988821	0.995327573396205	1.26208452500896
K03235	169.870577424876	31.3191802050598	1.89953221938168	0.99528675357815	2.43931763597792
K00370	1168.11719673111	603.301090010215	1.90244056629588	0.995279657820724	0.953234932436857
K15771	222.204701308989	75.7857319632469	1.75533806415235	0.99524413679609	1.55189117535397
K00927	3521.64586153339	2253.25844215812	1.76123960816796	0.995094111570553	0.644237042360799
K03581	475.478494750547	295.138971348049	1.76157205110728	0.995079448003866	0.687985658756523
K02837	1030.19884017643	545.18098584764	1.82206263050607	0.994997533743367	0.91811566936395
K19405	304.5699180322	82.7101560997865	1.74377846738913	0.994847309639841	1.88063705978277
K15192	32.4992746223648	5.06026139598593	1.76696312123828	0.994761551955525	2.6831237011186
K01491	873.935800545233	597.670989246674	1.76762805036983	0.994713356774605	0.548175786504581
K26113	1425.46988788123	622.899961919695	1.76868215838529	0.994633340678509	1.1943651742695
K03832	451.446820604694	211.243664694781	1.76951384577665	0.994568343701388	1.09564797667953
K02027	365.340834856172	159.086381288755	1.74048117099899	0.994559475575414	1.19943267760155
K15635	496.127982795868	261.765580332038	1.73978015868568	0.994486257841596	0.922436921783379
K02232	247.570070163522	71.3177402063231	1.77052104625916	0.994485820849866	1.79550401616975
K03650	1137.4758098315	817.454086685355	1.73932521140373	0.994438131218868	0.476626257257099
K12410	1185.85923176396	773.290962524945	1.77110967253721	0.994436632817036	0.616849506502184
K01896	376.680146004385	183.136476949082	1.77172308213053	0.994384277230419	1.04042081957368
K07450	580.874478495943	293.102908995054	1.73571060075299	0.994003398613179	0.98681915790332
K07254	749.535285724021	383.069145722333	1.77604426998071	0.994001178520618	0.968391568570554
K03579	436.958743943184	201.341950360267	1.81372165800985	0.993993241691051	1.11784927756159
K16921	301.738410501031	137.934862400868	1.8125557904734	0.993859958229476	1.12931122197187
K04047	185.006359766174	71.2126283358154	1.77895952154214	0.99374011157292	1.37736985941835
K03332	226.786657534235	100.866609095669	1.81011590000584	0.993597089505847	1.16888710177228
K07085	1667.56197990977	1042.19316976404	1.80760665595979	0.993358505906004	0.678117679563946
K15342	801.229453748922	437.176422789521	1.8056920916106	0.993200289375786	0.873999858972602
K06889	1433.32762095985	429.244767258234	1.78713619704126	0.993110081450405	1.73949595723772
K01195	222.311696011068	87.75055213275	1.72973310775956	0.993101600211198	1.34110374369972
K01790	458.56420147252	270.937113337245	1.78773709446602	0.993074719914365	0.759165703661698
K04068	882.982260016528	440.611754064528	1.79633857353259	0.99282604273174	1.00287647111531
K11535	178.836199074261	16.4889356527819	1.72666318721495	0.992569165036591	3.43906860663668
K12234	33.5455459720173	3.04083297360715	1.72466123059849	0.992206697848457	3.46358274499554
K07491	1210.07566323569	833.500907443247	1.72176844485722	0.991674425146255	0.537841583702236
K11384	294.741644298119	133.054880541956	1.67204971092502	0.991381637450752	1.14742948412633
K00016	2451.15815643369	1482.30172902689	1.67357238787657	0.99136059822688	0.725624429981686
K00859	923.17742177353	526.061016338028	1.67418097406908	0.991346141623126	0.811377796939418
K00690	86.2397208623352	22.1154810969344	1.7198450912484	0.991324808226538	1.96329588167952
K09704	377.020606471614	176.818435242325	1.66046942051884	0.991178586149208	1.09237467851814
K26905	154.834697497044	54.9145180265634	1.66014272685691	0.991167942671609	1.49546928944455
K09810	1379.06375089787	804.396175905044	1.67938770327557	0.991125317883616	0.77771102260933
K18118	983.499920091356	250.176917968971	1.71828397665345	0.991048965317265	1.97497624677275
K00931	914.584583654368	372.628197316618	1.65578335605524	0.991029664059742	1.29537975187368
K03606	584.643218419242	320.263120265996	1.65472549939347	0.990998642552941	0.868298806157333
K13444	130.505974719693	45.4530563153693	1.65331159468857	0.990960361548048	1.52166664535814
K01754	827.258385111647	581.233565777506	1.71772748977965	0.990953328550141	0.509219989933807
K01415	371.848614268808	192.388097202589	1.68199226330615	0.990943356623406	0.950695851575179
K09773	282.192651722586	123.055168803794	1.65152408792924	0.990917246706441	1.19737516277715
K03070	3263.5144013446	2152.76046837402	1.6509479025012	0.990904597164187	0.60023860188871
K07443	17.6224180823384	3.12710922337089	1.64826567298962	0.990853243907581	2.4945103834926
K11074	85.0017933641227	26.2674223997714	1.64226352426744	0.990766585315392	1.694218642531
K00287	207.042678273875	88.725550325604	1.64197560272869	0.990762591611099	1.22250666222625
K02114	193.171622646124	79.4676933724325	1.64163588132013	0.990757672229256	1.281442800019
K06243	8.21978739786701	1.00285751977512	1.63884305741782	0.990711219413812	3.03498442884997
K03233	8.44793368480252	1.05735085867178	1.63801626902444	0.990693812499297	2.99814432692419
K22927	660.44696678654	335.557212818368	1.68494817516708	0.990691961056343	0.97688395094173
K00844	64.3516257138848	8.983733226879	1.63757997530219	0.990684644555478	2.84058960321223
K03320	212.831483687197	108.210289990436	1.53747567635007	0.989847552742171	0.975873886076772
K00912	534.271786163264	319.298245766201	1.53630727019116	0.989845868093583	0.742669206577937
K01905	1051.99535923665	574.139318896222	1.53571451113573	0.989844760071248	0.873655575877551
K01839	1093.54213460884	713.937977323279	1.54458510938179	0.989840439890443	0.615138157001245
K01216	56.1522415146781	2.36586404661576	1.53200206471141	0.98983244411985	4.56890453672658
K22306	84.9097651187867	26.7148438594597	1.53024230215704	0.989823553123012	1.66828889662377
K03624	764.636522485253	510.744171100231	1.55158755827409	0.989819266698369	0.582173277228152
K00259	192.220367893892	54.6667785785204	1.52948808822845	0.989818869337064	1.81402494629855
K06217	621.995536081864	432.784727723815	1.5558039461083	0.989808385208156	0.523254636826354
K03601	833.878712557941	516.244034070574	1.556771141551	0.989806126453029	0.691784355061957
K06221	156.865770579527	63.0697857566123	1.52752778758241	0.989805122910414	1.31450964094614
K01772	255.72723486474	123.590793516399	1.56170394412611	0.989791073049491	1.04903453680607
K18126	9.42006376673794	1.45367664610085	1.52555667558542	0.989787974218624	2.69603043205188
K03737	4282.65721243841	3296.88347689933	1.56449963165478	0.989773567926346	0.377403309151196
K13888	660.085598511904	355.342654538381	1.52401897986516	0.989771548092629	0.893442245307225
K00943	423.10066584862	240.493480191917	1.52007846478839	0.989714520573815	0.815003173232795
K01881	3061.70660993765	2182.52219073007	1.51972394469419	0.989707760796137	0.488339719765315
K02819	171.274503969833	66.4252367505448	1.57188015578247	0.989646698733734	1.36650703707404
K01689	5302.19651277638	3192.16622432325	1.5728958419864	0.989615772772805	0.732054362747466
K01854	1299.2328219812	918.289958273616	1.57527786107268	0.989529136192967	0.500638309743865
K13953	100.943735644046	25.597867652385	1.61890553720711	0.989517756905255	1.97945584153041
K22522	150.289381639285	54.1611336834314	1.70497895986105	0.989512907560604	1.47241324008766
K01903	198.08700523084	13.5422626485912	1.57775352917988	0.989416341429462	3.87059353019645
K12257	1729.88450221587	1136.27365902743	1.61766954946712	0.989398958411978	0.606365383896463
K02621	513.816496680923	323.480397590807	1.61719548617052	0.989353336674763	0.667574920607727
K01625	960.673905611076	596.628036681363	1.57904346652335	0.989348772343709	0.68721502658893
K04654	27.1895452015798	1.11762764163151	1.50932636489012	0.989338655631057	4.60454050691556
K15050	248.122952482061	105.096224878281	1.61680126528604	0.989315536776075	1.23934434941433
K01591	371.689940383743	214.298514925827	1.50891331733851	0.989314543174769	0.794477790583964
K09817	878.609179808336	532.696643908386	1.50699771371005	0.989192249053242	0.721907381280152
K04095	1351.10220851521	801.156804769559	1.58175448805685	0.989191370937108	0.753980272238408
K07588	722.147690158464	136.133944882974	1.58342143266018	0.989086465010481	2.40726707383488
K02230	105.914071517802	29.1022123365407	1.61374571351865	0.98902922038906	1.86369354003646
K00313	368.949079408185	76.6183243547991	1.61351438731011	0.989008493603032	2.267660336705
K25045	9.34074308197982	0.929065159340223	1.58467618806353	0.989005017924405	3.3296856372017
K00858	438.37549687865	245.885035176459	1.61309513520447	0.988970964133464	0.83418322704976
K16011	324.014544843012	168.12686496034	1.61236641507568	0.988907855333921	0.946508305422284
K05339	279.97495899077	131.965957551965	1.50073805947373	0.98864166051587	1.08513198365025
K00980	111.804112337802	41.1019759416804	1.49969798695702	0.988530574691965	1.44369359684241
K14445	423.92192586309	214.365534150395	1.60682473863688	0.988512622080063	0.983725619762032
K07862	310.548946013058	164.387637989094	1.4992606601746	0.988480046922236	0.917718859460742
K15780	336.588765056043	164.932130261746	1.60412282569635	0.988393994973506	1.02911454585996
K03492	535.843017365183	296.728414102059	1.60215423444439	0.988345937851151	0.852667322145077
K09458	1852.31280543612	1270.42051339942	1.60174423396743	0.98833965914166	0.544021638381142
K03705	7223.46005587658	4465.2721552973	1.49613744056683	0.988102230974916	0.693941947988576
K07003	4.36009798382833	0.729838238561013	1.4961158304381	0.988099460189649	2.5787119114104
K01568	102.309766014436	16.8739763200118	1.49326948702668	0.987720997356043	2.60007197750736
K22010	67.0570924006416	8.93737270480923	1.4918751068319	0.987527208406464	2.90746723544744
K00053	1092.82475990654	685.708774002104	1.48634815977297	0.986740172156161	0.6723941884852
K09963	143.872879772175	52.2366795886241	1.48437611730034	0.986466136738087	1.46165956742144
K03929	138.511257592253	57.1578284072223	1.4408595394526	0.985332956233569	1.27698022662353
K04075	381.81965275471	181.554065246217	1.43850780413425	0.985331846489104	1.07249212761145
K00100	928.862992144954	580.956980643073	1.43825482572369	0.985329636103574	0.677034476628833
K00974	960.075685660856	611.2226008362	1.43770757662871	0.985324864643639	0.651450252229185
K01534	1133.58716641289	775.717691805511	1.43732646801516	0.985321322883532	0.547291719694889
K01182	190.254239009975	84.9581597662361	1.44562051016256	0.985258015489466	1.16310417629708
K00991	288.503511914481	165.649286005785	1.44662260082209	0.98523171517551	0.800456895692621
K01802	115.089658502585	42.2005378376169	1.44664380522393	0.985231123208617	1.44742491344619
K07442	27.0119369920349	5.69599347649156	1.44682257875264	0.985226129563694	2.2455776982757
K21961	249.954659230449	88.3281448928477	1.47221109042443	0.985166329783555	1.50072130274631
K02834	312.972848904792	177.262158786024	1.43157790943756	0.985158660306013	0.8201529172022
K12732	3.38166696983266	0.51759343453394	1.4714834584798	0.985120177283264	2.70784336604966
K10773	518.537146100981	332.867033890251	1.4502346896815	0.9851197708723	0.639501344577325
K05606	81.0343543276843	26.2017522613714	1.45094988874362	0.985095838262423	1.62887036864278
K09809	117.550030507341	45.1657130681934	1.43009779552422	0.985091082363935	1.37997502232124
K03696	1737.19973594747	905.248677884347	1.4511976062712	0.985087500198484	0.940377568856749
K00560	1127.58979195851	798.165066177963	1.4526035393434	0.985040648885075	0.498483280449965
K03555	1482.33042379257	1091.68877473671	1.46879642249378	0.98497820764448	0.441305449614267
K01921	1016.65266180273	729.288628996637	1.45456868118582	0.984977865505433	0.479265063291922
K11921	102.152925836631	37.6742769709934	1.46771894615327	0.984934886958212	1.43907879634624
K00033	240.264114101755	122.167924601228	1.456945331246	0.98491314935168	0.975755630517819
K12292	84.4429828923307	24.3021112283672	1.42671884700864	0.984904705401116	1.79689588946452
K08314	83.5702878923726	26.6834277187162	1.45747348727038	0.984900411385799	1.64704610065729
K00703	2895.85429873409	2029.70411373341	1.46028747464851	0.984853581438976	0.512719587363172
K14385	111.323015533647	38.8441103295775	1.46133988880251	0.984845956297121	1.51898412002928
K03979	2602.36170305721	1882.42222827073	1.4618269890866	0.984843269281445	0.46723123502114
K07497	3251.52482315197	1785.19589988669	1.42506964501407	0.984802678863813	0.865034039577981
K15711	3.90468994883041	0.681310622169758	1.42466915080262	0.984777168765566	2.51882339118027
K07448	74.9705959501607	23.5966528057921	1.42420216869167	0.984747256036588	1.66774264308728
K06179	436.957046720583	244.587485894544	1.4197852426651	0.984454697468706	0.837140876927266
K23257	52.7346120768781	17.9592107245268	1.3505426397802	0.984392661447202	1.55402623023611
K12430	2.26328953662889	0.497201340927386	1.3497232884279	0.984390433649452	2.18651906417663
K02796	3979.01221807332	2467.81481433621	1.34906580294842	0.984387367967006	0.689176190798711
K10011	46.2720779068209	3.52736382548189	1.35212479267141	0.984383419152824	3.71347959291594
K19975	2.09602901835049	0.480866980814966	1.34865357977942	0.984382922910471	2.12394891960948
K11251	4.53629056103706	0.732637775405268	1.35249343061779	0.984378539170082	2.630341056937
K02441	73.4442845959758	26.1516291803983	1.34818990885749	0.984376165783807	1.48974939968852
K01972	2213.26928493708	1628.25899088764	1.35395044914419	0.984353998310626	0.442848799277662
K07180	26.4506180717649	4.27187253547278	1.41753351474986	0.984308096558568	2.63036092868514
K16147	49.3691997379757	14.6422495981018	1.35616048892249	0.984297579080004	1.7534740368944
K02103	24.8793303102431	6.8060408995339	1.35738410265854	0.984255310954574	1.87005992619788
K02897	499.447054491721	319.570055080695	1.35820231302725	0.984223979689671	0.644199519913417
K03234	19.3337815666565	3.25739972921771	1.35922743577515	0.984182422099196	2.5693311723841
K02530	94.8231841615281	24.4105944308201	1.34228710681647	0.984169088950982	1.95773241244976
K07672	35.9892976257297	8.98750828027164	1.34213923484126	0.984160970332165	2.00157484678182
K01338	5585.26095395273	4176.677848292	1.34196676575741	0.984151505759769	0.419268816570233
K00346	490.981894750127	307.345705654335	1.36049435155008	0.984125954153094	0.675807497928913
K06419	675.821667935598	295.125792082933	1.41310744012445	0.984042275916968	1.19531259789633
K09013	659.347051440961	340.211465202407	1.3625299072919	0.984026705544445	0.954606275738178
K01889	769.414750015666	552.627456959391	1.36345715710172	0.98397957768018	0.477454243633953
K16363	839.103082146686	576.611706725029	1.33931080477175	0.983973601295402	0.541247926161036
K10112	2669.05888480321	1830.71680024016	1.41142512668228	0.983951239683272	0.54392250155219
K08659	1471.48250637663	982.788255794769	1.40812648116884	0.983791538796486	0.582317868116831
K11936	34.4336250059988	6.45849927519805	1.40769516413239	0.983772555938237	2.41454719076074
K01613	1287.52240767136	718.055254798385	1.4072984399528	0.983755124676015	0.84243077105267
K11254	8.25428944132936	1.09751539279497	1.33621387086943	0.983712867252988	2.9109028542632
K00791	1363.29932655428	1017.79202105783	1.36900067495906	0.983687655852012	0.42165956911293
K11069	383.916136204657	230.569833109435	1.3356398528978	0.983659127146144	0.735587430180161
K21591	371.372694994159	163.107839975232	1.40458247642209	0.983644596126567	1.18704161709105
K00528	211.039803420463	107.846107832693	1.33421424023921	0.983518781832236	0.968541015303101
K13527	42.3065866173176	10.6788729314017	1.40093955273392	0.983515549262587	1.98612290050134
K04567	2643.05328666678	1995.31448064829	1.40085515390269	0.98351284980964	0.405589364578479
K11273	8.17319883699857	0.90138079203745	1.37339585310923	0.983479385901639	3.18069222032104
K06990	2039.82222919306	1233.24209030833	1.37397487362023	0.983455712595738	0.725987392296374
K21572	492.986574878489	275.154873833324	1.39802461552186	0.983426367346822	0.841304475911894
K07482	199.074586394344	46.6039844500931	1.39760091267807	0.983414541873812	2.09478385042805
K01783	627.684879028742	439.228587942175	1.37527174437314	0.983405374848906	0.515068497050618
K25288	149.813197216759	58.2483042387827	1.39605000700318	0.983372933207561	1.36287676321251
K18955	17.5885933926614	3.90767651505366	1.37734133896121	0.983336806530919	2.17025716289922
K00937	1904.09019569877	1352.81118752177	1.39393144961689	0.983321941486084	0.493141324174115
K11253	10.3606583969774	1.20528984834484	1.3784046211358	0.983307286859921	3.10366365313991
K22230	172.74158555294	78.2466982439608	1.37921837804535	0.98328718458902	1.14251365553602
K00815	3.52432848699438	0.712743083988986	1.39212562001633	0.98328523592232	2.30589435738029
K03544	1527.90381242566	1087.13581452173	1.39137488716934	0.983272086462474	0.491021537169573
K03466	2688.20739100882	1744.80788937116	1.39099951885726	0.983265524446182	0.623576245647773
K07075	108.485559705263	41.5452842757881	1.38143798662278	0.983246501881402	1.3847463873126
K00046	10.6620785809715	1.8779000458875	1.38728277521209	0.98322417552085	2.50529653960873
K06158	1254.75519319642	860.924236953747	1.38382669889857	0.983222222757205	0.543447728868013
K24206	67.2676738203329	7.2961184891635	1.38479311823308	0.983218741520003	3.20471230506292
K00029	668.154820061882	446.252478201739	1.38490868264028	0.983218324504251	0.582322251451532
K01784	1067.77281161697	799.584077414314	1.33133812646296	0.983213461072944	0.41728307141542
K21363	28.6960765678042	7.68199573890911	1.3287512476753	0.982924435602113	1.90130043111905
K08591	218.270551368821	117.214218263548	1.3279969213627	0.982839447875712	0.896969916410988
K06001	395.073841828658	222.703216755469	1.3254883895131	0.982560073355805	0.826999930666663
K05657	78.4590127886547	25.702072624478	1.3208402092407	0.982087137084641	1.61005447924115
K16066	383.798330389442	217.807707012478	1.31919359421184	0.981942662672248	0.817293431521396
K05343	16.08564255521	3.98661368680418	1.31775026455899	0.981828972428013	2.01253785053692
K11072	915.982441344299	530.551901578752	1.31314486681986	0.98155704460771	0.787826052661668
K01235	259.123215668388	144.773631618438	1.31295597635328	0.981548578115379	0.839839416193937
K03771	323.440329049011	179.807627113938	1.29689193556122	0.98150068884335	0.847045357773919
K02066	62.7923836370483	15.0450908425714	1.31155608736003	0.981496257386393	2.06129676121469
K01342	8.73755528849611	1.28345145669845	1.29740706954529	0.981494676713111	2.76720094877817
K26550	46.4985975146001	9.70997468242308	1.29027427343248	0.981490721465082	2.25964776336314
K23258	18.4918615789336	4.07897393346665	1.2984171275823	0.981482457796141	2.18061227563195
K03652	6.72726279090172	1.38232608637032	1.29944810219023	0.981468751928	2.28292163299882
K00645	660.895685367878	416.730667940033	1.30081075095612	0.981450359227579	0.665307302808298
K01868	2811.16090014469	2278.25105491363	1.30191866348037	0.981436655213842	0.303239294941259
K09580	22.7883610848706	3.96553560355284	1.30439136658276	0.981414208988833	2.52270952995616
K03816	542.414513056132	362.52527466764	1.30703059486156	0.981412849164983	0.581314199340535
K03671	769.166630877831	509.862102540734	1.30626221626545	0.981410725897325	0.593189066808642
K00823	11.4946430596626	2.85233267074728	1.2865260576907	0.981383686732093	2.01074750725308
K02882	25.9221569366914	4.58539763087887	1.28594078486571	0.981357106931823	2.49906701709812
K01581	137.625575341143	53.4827087127006	1.28468375801977	0.981295757134462	1.36360415509451
K03292	285.832004680771	161.576255857668	1.28390864342128	0.981252727054105	0.822952259339147
K01056	430.284865303492	287.567601707329	1.28118964790467	0.981070277771571	0.581390950043574
K06223	98.3972363703329	38.4886499085595	1.27969032829075	0.980950777107364	1.35418473025977
K03182	57.2108604473591	6.21834928497608	1.27365586064453	0.980361352236045	3.2016854822511
K01923	971.210008053234	729.472963237112	1.27262396884909	0.980247032821253	0.412928780325929
K02871	920.89763859325	678.736440625009	1.2693313971141	0.979869996515805	0.440189332041579
K03700	512.145320100853	325.663438661944	1.26781887229395	0.979692215071927	0.653171468415259
K16962	73.8509140216395	23.2842665971268	1.26764633389832	0.9796718739517	1.66526033555652
K16650	64.0950768572583	20.5058582076794	1.26758723152332	0.979664854627179	1.64417742334062
K03704	283.762501682742	169.75164881446	1.26661143032191	0.97954922635542	0.741258366829772
K01928	1037.74824342576	818.648933209067	1.26530733617254	0.979394551308579	0.342139681055422
K21313	8.35658694407887	1.51666318857133	1.26435740613417	0.979281946045905	2.46201309083737
K03756	79.4613882997785	21.6822983274981	1.26347039005488	0.979176968838677	1.87373630878383
K02851	257.73798843933	151.797727905336	1.2629841790693	0.979119460116292	0.763754997353163
K01835	2009.72159092115	1533.23071118429	1.26278352059823	0.979095745572305	0.390420855756036
K00989	104.35125287157	23.061933327782	1.26160253053773	0.978956524967162	2.17786255484962
K02343	605.275282824544	446.355962542581	1.25998860122286	0.978767048064056	0.439396740023273
K13288	25.0285796340248	6.21190444440065	1.25515503136327	0.978203068900821	2.01046887822225
K02887	1099.12375710244	790.440715555984	1.25481513175175	0.978163501835523	0.475624670250782
K25130	77.6486239081107	17.4569913330084	1.25480377569661	0.978162180894858	2.15315542168376
K23237	41.0055924074857	11.7768035658631	1.25431557550785	0.978105079409345	1.79987266099629
K02035	261.133880309703	139.270925179393	1.25332367724308	0.97798912070293	0.906895543558976
K19049	2.61622018386532	0.504564570874037	1.25255172804445	0.977898346195307	2.37437315175499
K00820	1111.03580992258	795.556761728817	1.25157751486793	0.977783714117527	0.481868543773069
K00702	307.971377921268	178.092453657278	1.25037537617244	0.977641267996762	0.790169890567366
K18097	5.66901739875729	1.003243168525	1.24921775566158	0.977502952038338	2.49842736465665
K01791	360.512816531821	216.521107196738	1.24460077072579	0.976941628532722	0.735542878879685
K17686	3193.5362489446	2177.52778969985	1.24216174015326	0.976639439587747	0.552463695560243
K17741	6.09533479725953	1.17842685647011	1.24206690968702	0.976627675233807	2.37084325061907
K12267	361.63885974714	179.025382471166	1.24136629890077	0.976540701910123	1.01438556092526
K01993	1027.95343248071	700.677902943155	1.24047059885945	0.97642940258866	0.552951605956648
K01834	1051.42966557181	662.514645121635	1.23927411264103	0.976281141776762	0.666328094214131
K26365	6.83028217955587	1.2318712699751	1.23822513271537	0.976151812980046	2.47109367893963
K01270	2357.36886345902	1809.16378021454	1.23818118016214	0.976146412480513	0.381854500031431
K08093	93.0465020906014	38.302640881199	1.23726479953836	0.976034025363013	1.2805080497118
K00041	1761.79310952178	1205.79042725905	1.23642045165465	0.975931787325287	0.547065334964114
K05635	8.06203884461139	1.68756261435594	1.23450434567582	0.975703051603108	2.25620370232973
K15921	140.338034471733	65.5658486001474	1.23266510647437	0.97549077706429	1.09788960528411
K03281	342.588856149598	232.109936484032	1.22827823672935	0.975021870413903	0.561669938800818
K07124	12.8646370669648	3.34937153619477	1.22772914496224	0.974967827320348	1.94144843272954
K01176	1596.16444420293	912.540312978517	1.22441656305881	0.974662846291468	0.806649093454851
K03269	256.824353900662	147.282679235094	1.2236598489452	0.974599195034207	0.80219423922876
K11661	16.8075326870155	3.04139420524919	1.22298948756897	0.974543745280456	2.46630322918406
K06117	18.8327157988894	4.44270721126406	1.22229572074215	0.974488948814513	2.08373008953279
K00626	1123.88646786327	731.070289476876	1.22164642108339	0.974438884447351	0.620414278253715
K07736	40.41073834208	13.5019936288319	1.21760815357784	0.974158901898924	1.58156626787148
K23983	2.79638768962824	0.688489218779735	1.21679703640132	0.974108178022823	2.02205842087773
K17677	202.489241778146	116.190539620891	1.21475462034632	0.973989089655882	0.801352652381722
K09935	17.6065870594678	2.84000584712251	1.21297138273619	0.973892560394783	2.63214947260725
K02930	22.4410393125049	4.23566038097493	1.21213228841141	0.973849379069884	2.40548067056551
K00841	17.2840766385308	4.73095603337246	1.2120491901986	0.973845193649742	1.86923987454793
K03441	11.294453026505	1.86721205421663	1.21109328378621	0.973797291003627	2.5966567199061
K00756	248.91603602257	79.629923931857	1.21012473978454	0.973751064254458	1.64427659209417
K22441	112.132800071641	45.7796316828703	1.20562934450539	0.973552886470221	1.29243058302847
K18941	281.594885022107	166.912467489584	1.20469250554495	0.973515112570129	0.754529408137485
K00688	3120.6486537161	2463.0856587615	1.20414672919229	0.973493395821679	0.341379135521822
K01887	2286.92210314339	1837.61138160744	1.20358260409832	0.973471647661416	0.315575528215632
K20108	793.206602159107	494.234374401135	1.20352594898135	0.973469511928603	0.682501330949104
K03283	52.6446617007869	14.9139020251359	1.20337327708972	0.973463758074864	1.81962947673605
K03549	156.602920486887	74.8412825584476	1.20241271306568	0.973427687342629	1.06520493025723
K03576	58.2784406131135	19.812826818277	1.19876722344336	0.973302604562672	1.55652754185092
K02872	4.4790540909796	0.897810098087848	1.19869281710862	0.97330021529468	2.31871186078369
K14753	13.1026148070876	2.0381244408309	1.19800395973544	0.973278286398152	2.68454070486659
K00432	569.599979922099	297.280408145747	1.19553319752805	0.973204810284887	0.93812470789401
K21525	3.52735519947973	0.741781026770333	1.19482065851842	0.973184653322348	2.24952158808753
K00789	1923.80039783045	1516.89270011008	1.19247125048185	0.973119952088752	0.342840083556882
K05656	12.2449055858152	2.49177784917673	1.19176992220222	0.973100757312024	2.29693429222991
K09765	147.139287447716	76.6288620878399	1.19039660464539	0.973062686512022	0.941222722489268
K00847	195.3784417653	111.807744474369	1.19021922782959	0.973057647660629	0.805251166461389
K01960	1246.46804280153	860.219152201915	1.18889543457979	0.973018999379693	0.535069737808518
K21064	199.032193515088	113.674690297308	1.18857223477224	0.973009165244779	0.808090732469466
K02433	301.697648213222	157.516238010669	1.18712368692659	0.972962441105512	0.937602889852131
K09074	7.39389216710544	1.74245940924597	1.1869510363856	0.972956646494161	2.08520895457172
K22133	5.67659779204106	1.14679487288087	1.18542627388462	0.972900777049967	2.30741916528333
K02987	33.1622665656726	7.20767840691858	1.18480846192952	0.972875845960874	2.20193606778065
K02949	14.0682512773353	2.80015671877998	1.18464554679798	0.972868699476407	2.32886352962602
K06269	15.3338075058158	2.89222339904755	1.17988132702536	0.972607128809452	2.40646507675958
K02974	7.0826728976457	1.39067904009221	1.1769543136944	0.972372059700921	2.34850442174845
K01067	18.3908005105122	3.89997034994312	1.1755275015121	0.972232785556176	2.2374492175695
K01238	5.54099428336533	1.0138057465068	1.17494647601349	0.972173390986039	2.45036363199342
K19088	1.92672779144026	0.504933524298451	1.17491154986095	0.972169759422887	1.93198739049354
K07177	3.00427788177155	0.730218087226268	1.17350041840078	0.972007316168767	2.04061895228531
K19639	11.8595290823778	1.67098277970312	1.17340216835938	0.971995231797062	2.82727795364597
K19166	15.5534096493483	4.7670967017353	1.17225821426459	0.971849794951271	1.70604808925666
K00955	2.47335320054393	0.454805695753726	1.17194190051192	0.971808741156745	2.44314604758984
K26607	17.045508099094	1.89124441599223	1.16853456886639	0.971307309488136	3.17198387660927
K18673	3.41762536366262	0.810572085443049	1.16839045026345	0.971284300864474	2.07598186134934
K01770	339.760641832156	230.674138917064	1.16593696811342	0.970875802787071	0.558662467892475
K02894	3.68533907676561	0.840872140768634	1.1654206212889	0.970785452450383	2.13183901082302
K00764	1831.67323104142	1341.63608536387	1.16537312506213	0.970777143310107	0.44916875277569
K04770	19.0385274605106	4.60816608587884	1.16423275930612	0.970575264799276	2.04665727743559
K01215	16.2764026273491	3.90195203535687	1.16410624173771	0.970552566976379	2.06051392485601
K01639	264.057342250968	91.7109046027353	1.1636426388658	0.970469411891663	1.52568606850507
K03641	132.297738597586	68.2502530095001	1.16268923890731	0.970296733967284	0.954882102087287
K08676	134.038859618232	69.114138036624	1.16148827985854	0.970078187295783	0.955598552856154
K02551	318.601730010754	197.634239131127	1.16104165972398	0.96999692249813	0.688921192548152
K01535	63.0595818883472	17.6672335288398	1.16004608379276	0.969816649689915	1.83563945507427
K01222	538.36652821011	315.806291702483	1.15899683744687	0.969628186131226	0.769548802439034
K18798	2.31572032017583	0.539617768658755	1.15226596904513	0.96856079053769	2.10145126358588
K18285	22.6235547206115	1.93709438165142	1.15121250189964	0.968425925521381	3.54585947660574
K00965	702.560323003352	382.424878576608	1.15107641261854	0.968409523079962	0.877445722239994
K02991	19.9449836332219	3.97045306467347	1.15040014819709	0.968328029514357	2.32865039310397
K11732	20.9436178636898	4.08487920191555	1.14882240822703	0.968157996800628	2.35814535856336
K00145	536.961807259035	364.86421529117	1.14794295698658	0.968078543845157	0.557459813624464
K19360	23.7848230627654	6.59161690497326	1.14705713586708	0.968003200064974	1.85133699024654
K11085	650.569054118351	472.91042698055	1.14637440752902	0.967951682374516	0.460135247298148
K20265	423.188331831011	282.193069720051	1.14498542592309	0.967860709711968	0.584617292211243
K07694	135.184939128306	73.2085016772454	1.14487159800387	0.967853810327103	0.884851327784905
K09481	2.07654396768367	0.517281210160135	1.14482913316285	0.967851236510272	2.00516372615107
K06155	19.3388670072261	4.05027669618838	1.12494852885105	0.967769856739113	2.25541090038255
K18692	355.639485216939	196.918602988006	1.12475274593225	0.967769058881835	0.852816099949111
K07646	1673.26963270524	1239.1571727244	1.12465846342316	0.967768674695431	0.433310753515699
K06941	1172.48586569994	902.753788197573	1.12441684212907	0.96776769023046	0.377166056942271
K01610	3987.27448479169	3220.55232960425	1.12756858581265	0.967766392415493	0.308094790231162
K09775	215.975004495416	130.207259752236	1.12768066166989	0.967765622233046	0.730054465438258
K19425	318.716040914978	206.074770102422	1.12858765002979	0.967759145247263	0.629103746107197
K06907	26.3509670589134	2.99100289050122	1.13055312625871	0.967737261956875	3.13915469877154
K18926	45.6043203301471	14.954176536811	1.13146893511264	0.967725422895273	1.60862203519615
K02302	180.065012056373	90.2102324794934	1.14143246609731	0.967712315959502	0.997154890619653
K00030	88.4179154573288	39.1910016495941	1.1414061417387	0.967711775065204	1.1738162756526
K00827	33.6649270685026	3.38485874999432	1.1330721711816	0.967703940526354	3.31407880281737
K02865	17.5197974137845	3.33185120316058	1.14089805955477	0.96770133645135	2.39459021468939
K01875	1033.98927649175	834.563412177033	1.14077177016563	0.967698742143951	0.309127645155998
K21826	2.00011565464947	0.44628577889574	1.14072499758394	0.967697781348136	2.16404368449728
K03286	1118.64488105443	822.957221161644	1.13450546966645	0.967686520186616	0.442862775087897
K23650	8.58679881811222	0.527505251323855	1.13507009101165	0.96768112539805	4.02486302991114
K00024	952.196792858623	553.908570698436	1.13615605785206	0.967672501745311	0.781611908009966
K18748	9.43184514768368	1.75616651065437	1.13745187479778	0.967667634707845	2.42511039203745
K02753	69.8360602780435	25.1999610054886	1.11238210790179	0.967328815568434	1.47055067196682
K12982	74.1856572296563	30.6357910426994	1.11018373929018	0.967171362963439	1.27592218524809
K02989	8.06087283143873	1.59276071534243	1.10676697984459	0.966890715351861	2.33940651900522
K03568	460.167382663906	300.63922340967	1.10648315672149	0.966864940391853	0.614125481648715
K11693	167.604199617382	94.3340524916873	1.10561388045207	0.966786060347121	0.829207747941537
K14679	27.3023606767983	8.59269861875962	1.10538580874804	0.966765380069276	1.66784249826725
K02823	159.773795010118	89.7897004903326	1.10493270483229	0.966722695346061	0.831408934522714
K01081	18.3674024106073	6.23772668133104	1.10193915028089	0.966429609670992	1.55805536474391
K08712	4.26277629964592	0.936528702564739	1.10167429669215	0.966402631493931	2.18639823236743
K05863	15.7259206188563	3.43918133586167	1.100689951972	0.966301498166655	2.19300738590993
K08170	57.6828214164624	19.5694243277537	1.10062283056674	0.966294441993854	1.55954041532215
K00620	97.3584413907245	47.6035516213688	1.09993795347576	0.966222489118751	1.03223685754863
K05366	1308.50666304158	1088.91359133267	1.09923400887872	0.966147875058983	0.265031794470999
K24995	9.56046820714629	2.09520058437268	1.09725851351543	0.965934048974695	2.18999290620954
K07223	7.55783775623052	0.816852229831034	1.09257064783757	0.965408967413677	3.20982652793211
K17623	11.5432030825356	3.10888962802881	1.09126067581804	0.965259437574288	1.89257230381138
K01196	268.258304198266	165.842967801272	1.09093462439726	0.965222209601053	0.693804992531002
K02757	449.742305034413	292.754612740342	1.09074391042466	0.965200402032228	0.619406695082708
K13571	51.8362417698293	20.5806708633732	1.09012133500976	0.965129061488129	1.33267111357167
K07481	162.104662288539	87.1643234494108	1.08902871959481	0.965003933527633	0.895115922118409
K06331	3.01862382230209	0.7066371809675	1.08776947297867	0.964859699822019	2.09484941463328
K18574	562.618489182971	391.138398263242	1.08721151853613	0.964795963060071	0.524477791180376
K03647	79.839877256716	31.2663759329397	1.08311349261437	0.964333671384763	1.35249749569512
K03969	157.108165123215	75.356568495763	1.0815300606967	0.964159658884265	1.05995298568265
K02440	60.7832221120667	24.5195842925426	1.08081919218974	0.964082425323063	1.30973863435464
K00864	2527.62876517307	1636.75620421239	1.07971506036334	0.963964827506759	0.626945141767192
K03631	396.983965423722	288.953934609601	1.07852824068553	0.963840783046136	0.45824122181524
K02028	153.034491645714	80.9286218916481	1.07824260678257	0.963811268347459	0.919134917494025
K07503	20.2077506354211	6.1569400338919	1.07788759667452	0.96377462005738	1.714623318957
K14699	1.93616999941991	0.523260595312531	1.07788616645424	0.963774472491909	1.88760410505697
K03471	153.061387726293	46.8101273578896	1.07704828443857	0.963690422036618	1.7092177896262
K06215	86.2570529835457	39.7820122639805	1.06886656846003	0.962975552821782	1.11652617370931
K01551	4.33277906482974	1.01932911730146	1.06635160954065	0.962804785985684	2.0876727343318
K02984	11.0496638304699	2.32000234089475	1.0203597585516	0.962730532747004	2.25180431228779
K06726	2.01504885136756	0.603532038669045	1.02040949700132	0.962730010841568	1.73931255081819
K03734	366.373910089973	264.100680047703	1.01721675673738	0.962728124485399	0.472228754723184
K15535	3.75446607677647	0.958692023023423	1.01696213923971	0.962725755395921	1.96946842316458
K06185	301.730226166437	159.286189252019	1.01619547879364	0.9627112179926	0.921638042459411
K23684	131.227839140842	67.0246526243099	1.02181400168016	0.962711042491947	0.969310068752256
K21449	53.3110203931324	13.5055955218743	1.06301549928565	0.962617557812459	1.98087653998077
K11687	41.7256258521928	16.9737928741516	1.06203153028521	0.962570748115684	1.29762471114043
K07006	27.1857506280952	9.8585377039501	1.01235784686402	0.962569546286473	1.46340508738245
K02969	3.02815170902671	0.78969818840896	1.06153817396076	0.962548760235564	1.9390641996067
K02978	3.35564294137496	0.966752852615555	1.02858106934088	0.962523862556691	1.79537019194634
K02995	18.2587373854583	4.57514946598728	1.02888282499127	0.962514017191963	1.99669622378483
K01664	77.6672258367197	37.5624805154806	1.02892429265691	0.962512663015738	1.04801359839135
K02932	6.74213485826849	1.38799006902488	1.06054098630416	0.962506558137095	2.28020823927593
K01356	354.994266363274	252.499532377615	1.02933890747468	0.962499107124515	0.491515007298358
K05785	7.32485871222834	2.05113936572012	1.02945195133544	0.962495406037825	1.83637541213455
K02925	18.0724474813752	4.2090857348674	1.06023977229609	0.962494511965709	2.10221309667364
K19124	44.1766413441515	15.7050527630581	1.02968412943722	0.962487797595123	1.49205494792506
K02964	10.7717915442777	2.51133324297373	1.01074078460504	0.962468131053252	2.10073283041872
K01488	201.851515499154	106.248689201611	1.03096282695826	0.962447032476266	0.925849375880419
K02940	4.74762897489605	1.06056722782793	1.05869168567379	0.962438282592417	2.16237111927968
K26077	4.35320426345935	1.30332443243259	1.0313447140852	0.962434894856693	1.7398814625199
K08138	501.952220055831	347.154354619162	1.0584324460989	0.96242992530714	0.531972774756797
K04041	1048.14527531833	800.510943524665	1.0315624529553	0.962428378036352	0.388845660943569
K01428	1363.58408171127	819.201530345499	1.03198269560206	0.962415900953412	0.73511334732678
K06139	63.2809949806644	28.1838740571119	1.01000920822215	0.962414347534074	1.16690235068185
K26404	60.8091931033691	23.9107487499834	1.05740957587273	0.962397297447833	1.34663013823089
K08711	27.7715563769004	7.03535658146413	1.03323306795446	0.962379779158465	1.98091257883068
K11635	179.666410707557	99.2778631999212	1.05596474434892	0.962357291597237	0.85577674777359
K01897	812.693445339563	642.642298558291	1.03408411063273	0.96235668712134	0.338695316693746
K09554	3.11453255526837	0.731029265783614	1.03419573705355	0.962353650774016	2.09101458373665
K18218	352.066016325374	228.246149016936	1.00914937233921	0.962345331280246	0.625255456548726
K12963	3.53258637003605	0.538076411793702	1.05517155528281	0.962338632607046	2.71484186579694
K02976	12.6258367881539	2.80492815405078	1.03690244223556	0.962293110453109	2.17034328392136
K03667	92.1729694154683	42.011122973646	1.03824492608841	0.962269880144198	1.13357237873901
K01809	513.873841259222	378.998398779539	1.03932672507297	0.96225465772936	0.439222460436604
K02921	12.974174774218	3.04494243941521	1.0394866757376	0.962252618487636	2.09115591723357
K02993	7.10129236818177	1.56659377142951	1.03959364688068	0.962251253786837	2.18045047786097
K18919	9.98017777205194	0.794313929189277	1.04967849816981	0.962247410240084	3.65128430590194
K18914	8.31217563708019	2.52133394707027	1.00786739416397	0.962231418344282	1.72103892510696
K02938	13.9179246465702	3.18711988403551	1.04732529111968	0.96222803160285	2.12661890915009
K00426	113.418405712641	59.7741372190514	1.04224500209433	0.962227837701855	0.924061475726396
K02998	9.35116629171422	2.25434063002745	1.04363926940829	0.96222236489062	2.05244078868381
K07133	253.180584393187	174.095564987819	1.04576760151736	0.962222044606771	0.540287321953265
K02388	8.65865107253999	2.83418744274422	1.04493071156208	0.962221127541088	1.61120710966816
K07484	1497.38975453572	1187.56600460765	1.04467125948773	0.962220843974974	0.334442088078617
K02979	2.35655011047626	0.680719939616193	1.00740593165997	0.962185704830603	1.7915430848156
K04517	116.825534719456	65.5842002900607	1.00507219026557	0.961935611722131	0.832935434438519
K12573	2698.18593486511	2129.13437039025	1.004107222765	0.961820680316589	0.341722767727525
K00939	2903.38495063789	2342.37254701139	1.00355801133149	0.961753084776616	0.309765316811704
K07240	641.176253030083	417.49913989839	1.00288331602794	0.961667137756135	0.618947768550875
K18334	56.2225945158317	17.1517977744113	1.00235410324512	0.961599802219185	1.71279023046595
K10355	3.45371078378642	0.772234718583778	1.00194441681662	0.96154518224096	2.16103595322471
K02687	385.018125732115	269.530690896574	1.00090193332598	0.961406610489204	0.514476807035723
K01224	13.9730807644752	4.28776109593127	1.00057352226521	0.961361371874795	1.70435370957932
K00895	1738.21209260689	1291.45030308611	1.00050279070941	0.961351638977105	0.428611999705247
K02430	4.40356076941671	1.37090505446077	0.999256937671403	0.961180201204948	1.68354191827025
K03694	351.526929524746	220.744992204684	0.99910510190992	0.961159038100369	0.671254505053499
K00936	21.439938755804	7.80105680003511	0.998861127469994	0.96112506833894	1.45855930213961
K00549	44.0317228656759	18.4315680635546	0.997659619691111	0.960958089038096	1.25636448159633
K02444	11.5095358172034	3.48043423397981	0.997599896713424	0.960949779464046	1.72549043107997
K03431	1219.61915967883	954.063232592031	0.995710540718554	0.960689406891064	0.354273927512906
K03708	12.046762514092	3.22516691146928	0.992840530813923	0.960312034793716	1.90119975290247
K08223	116.508158203022	62.5745756958897	0.992836771254178	0.96031156031165	0.896782471191167
K03564	250.889112625152	166.256937192575	0.992765196339924	0.960302528851027	0.593635326735878
K22900	118.885435723692	61.5885384832799	0.991362574953847	0.960131765417477	0.948838187883114
K07478	818.576731008463	626.690970824522	0.99131935315348	0.960126630034336	0.385363449727985
K00658	7.87241779619671	1.91567825613896	0.991314264321109	0.960126025482626	2.03895151131815
K02893	6.9054196340299	1.58850485301099	0.989129181159619	0.959882005097351	2.12005959037806
K02962	4.17500056739267	0.962924344750536	0.983708689503343	0.959418182276569	2.11628203599638
K02997	4.67851986124509	1.19618264638028	0.982699919707419	0.95935459490886	1.96761448500148
K06910	3.02070511273388	0.832967572848598	0.982490938728509	0.9593417885943	1.85855311401152
K01679	271.734604922534	177.139427367995	0.981326762709934	0.959277439959611	0.617312941686987
K23183	7.28438931517207	1.27046330870913	0.98014478889535	0.9592195687573	2.51945331879931
K19312	775.858681320173	389.869220622923	0.980138222222644	0.959219274849844	0.992803635428202
K02100	48.2262075998029	11.7005518077337	0.979596777912058	0.959195074341812	2.04324079416757
K02981	8.12442307786053	1.86849046585988	0.979014370244245	0.959170137640783	2.12039216741662
K11103	441.379341077024	312.597420894578	0.978072688362479	0.959134264828415	0.497713229986773
K00761	2129.87671606403	1673.25299942745	0.977878115211166	0.959126873561404	0.348114324718685
K06421	445.808155770321	231.203694610505	0.975731163746641	0.959056982022006	0.947258557870293
K02980	4.57402627859809	1.0702803365112	0.975493768920112	0.959049934788403	2.09547592579729
K03306	36.265760102766	11.1423427039632	0.974908715401261	0.959032602008292	1.70255549239356
K27266	2.24100933653491	0.605797736621183	0.974096302324065	0.959010031170375	1.88724056637865
K07030	2851.94591932093	2271.80880611881	0.972858986715289	0.958976138239626	0.328105200885518
K03491	358.238312464637	217.227072530826	0.97283917679353	0.958975598779892	0.72171572304007
K11717	1861.2379471517	1279.16744638936	0.971849734256772	0.958948627494147	0.541057377190656
K00052	507.092914020525	383.87702984789	0.971474561535229	0.95893801583399	0.401605878874389
K02883	8.01834357700166	1.98533379285835	0.970055286349219	0.958896895986836	2.01392264954777
K21502	13.1778039979189	3.52050427080856	0.969520866336763	0.958880460794609	1.90425597602705
K01607	3.13479351904672	0.973323626433029	0.968336489723272	0.958841695020471	1.68737893892666
K08176	50.1149607219771	15.0475707654432	0.968000739405813	0.958830239442094	1.73571075123479
K01007	307.030589266261	202.320565383858	0.96703281171064	0.958794461863353	0.60173942383999
K06311	1.569199676495	0.52093084550561	0.965748692014385	0.958742205870652	1.5908651731026
K14575	29.4928129573176	6.81312606968217	0.964804530014486	0.958700296383699	2.11397462225939
K19956	269.359317376194	162.662661615312	0.964354809014043	0.95867835738329	0.727648844411613
K03799	290.427983605851	130.230325150879	0.96239210043891	0.958573747280149	1.15711503755881
K10805	35.8316927838328	13.7348396695879	0.96210104295434	0.958557138894696	1.38339613233222
K18701	1.44775941237114	0.503351893091347	0.961828651817666	0.958541615701801	1.52418263096394
K08156	186.601506256805	119.992546807569	0.96172539990343	0.958535395675085	0.637015834391096
K00413	2.81931526075272	0.756698982193875	0.961433573877221	0.958516858692191	1.89755340187448
K01685	955.58001497241	690.483749707715	0.957977213789703	0.958276109051989	0.468769219982366
K19285	24.4144413763637	10.433978306189	0.957380160356391	0.95823029868785	1.22644542933537
K02805	147.220359943056	84.1373156498719	0.956286645403285	0.958140458960789	0.80715950807466
K01200	786.595671733242	589.672372481734	0.956270340070534	0.95813912266185	0.415708645694488
K02316	912.000909053155	661.495309112179	0.95544718840969	0.958068483892769	0.463304336522837
K06974	4.43958854756189	0.725728138383033	0.954934412102873	0.958023471685856	2.6129248632923
K25072	353.140254775457	223.898191475614	0.953548234432069	0.957897438221336	0.657398409623659
K00826	980.976542351439	821.947185490664	0.952974289601482	0.957844138397629	0.255172942341623
K00260	15.0715984383392	1.76933163994449	0.952832262701655	0.957830400163922	3.09055603765563
K07770	66.3077285619088	29.0886338813971	0.951945450958373	0.957744809645727	1.18872149156529
K03407	44.9674221055589	18.9174873628405	0.950183148796439	0.957570081543261	1.24915969810094
K02900	5.13460383780669	1.18101716505435	0.949721666382366	0.95752273005327	2.12022303598467
K02983	2.79157051766902	0.781250808792163	0.949170419404111	0.957466266932468	1.83721931706807
K01616	57.0007938899218	23.4494125881433	0.948930701432712	0.957441754308843	1.2814302294081
K00209	42.6158877534359	10.5369242328329	0.948290070749964	0.957375115118803	2.01593758567509
K08179	2.94926659261068	0.94536452822239	0.946780952460501	0.957216428059118	1.64141359929776
K23686	8.54792596767493	2.86825201745214	0.944320223626604	0.95695352885652	1.57540262183441
K06400	102.811947290469	56.4314522973642	0.943810194905701	0.956898282876833	0.865436539248177
K01209	195.939631231511	122.626207350801	0.943397636187325	0.956853679221701	0.676141889191492
K00657	22.1292241125976	9.92310341919564	0.942763300768903	0.95678503929929	1.15708957413408
K23773	3.46404064923451	0.94225260082722	0.941066210771671	0.956600172902498	1.87827008248846
K00106	17.4811946066007	2.05737011398934	0.93997644513846	0.956481007309489	3.08693051885348
K07507	163.16741025015	103.032317365962	0.939474336042592	0.956425666432813	0.663256006136024
K02500	313.097185613564	232.491437049923	0.937970869095688	0.956259722410852	0.429432959414175
K01447	129.378662298221	72.823081267161	0.936858467681821	0.956136100432868	0.829132011253261
K24139	6.92474216329479	1.53676145517567	0.936739863258809	0.956122785810107	2.171867115571
K00381	22.5536114936387	8.67045825848641	0.936145124576663	0.956056113074871	1.37917831857268
K21936	10.7445848704274	3.04690537244928	0.935839675834168	0.956021931178843	1.81819314349371
K03724	99.2167073883982	53.5355349013357	0.935370330262431	0.955968863186544	0.890086263765255
K02880	4.55948681144236	1.08974172178175	0.935361625433436	0.955967873780563	2.06488520809807
K04083	455.809367973553	322.782429928119	0.934829388706757	0.955907442220369	0.497868525460229
K06877	1.15472724797472	0.436235587184742	0.934411153459824	0.955860042050366	1.4043727485747
K17275	4.24082799192864	1.06365286518098	0.933128286128033	0.955712029924719	1.99531858013078
K09903	1347.19211544508	472.35594412502	0.932203558246214	0.955603716030168	1.51200928175877
K19955	339.293545717549	238.250480328236	0.931514152668801	0.95552244109258	0.510054863637898
K07149	82.440284614143	42.8411726963481	0.930744620200651	0.955429837418145	0.944351513912974
K11737	31.6347664066374	10.8087996486554	0.929977812515407	0.955337152085448	1.54930462680285
K07552	12.614436964962	3.92036725509814	0.929783431448634	0.955313297945512	1.68601509859273
K02918	2.56546683701289	0.736014694411465	0.927943734287145	0.955082253341326	1.80141490153248
K02550	3.67659945923556	0.482036761752055	0.925125804012334	0.954710069711001	2.93115693262625
K02936	8.37600971478936	2.36535651976735	0.920867325193197	0.954095634565952	1.82420546453634
K11695	115.159936025559	56.6814961105599	0.920581666928362	0.954051665851675	1.02268914868871
K02614	205.292349208787	132.194130354614	0.919523143243156	0.953887707799663	0.635021742257726
K22337	6.99331672130659	1.79254309657335	0.919170885967156	0.95383133087973	1.96396904026526
K18567	2.44758927629364	0.441233328218388	0.918098729447503	0.953658994827299	2.47174781035769
K02917	6.75120255792613	1.66227483026527	0.91740878120013	0.953544717088501	2.0219855769751
K07078	12.7160966503068	2.17505231833302	0.914728989514672	0.95308551699792	2.54753387818814
K01173	170.665522953491	107.806192561482	0.914283895336514	0.953006719582379	0.662731590131774
K03325	1.90182168351211	0.611329665942275	0.911278880398232	0.952454344333314	1.63735950072022
K02985	5.28858739867525	1.36754726725262	0.910515669740062	0.952308511246982	1.95129172608962
K06902	846.70503644388	601.040456066354	0.909707162977545	0.952152886726339	0.49439736856366
K22721	1.82677662246537	0.642440825896153	0.909316753823473	0.952076491821486	1.5076647511471
K02937	2.81830210406726	0.864166199495108	0.908865754976557	0.951987577174682	1.70544555928165
K02438	13.5754723557761	5.14598216102286	0.907722361465352	0.951760512801994	1.39948403621089
K02259	2.22718204160894	0.697603462799331	0.907592261576591	0.951734271700504	1.67474037692517
K23107	43.611213607271	19.0604981112204	0.907381520259064	0.951691788452532	1.19411331617712
K04935	1.52792411774971	0.536129039815373	0.90640675127563	0.951494434906189	1.51092070874234
K27384	1.85935065228906	0.606462935624803	0.903796565402876	0.950954419327165	1.61630748980647
K23866	10.5496656798987	2.45899856699664	0.903554525074503	0.950903236282759	2.10105448118402
K02982	5721.35068171674	4464.069804826	0.902841050727553	0.950752393344281	0.357996188118234
K01740	5722.28433111775	4576.55497612243	0.902740139303076	0.950731085570127	0.322329173444931
K00278	580.48351924758	444.915790211941	0.902008821061282	0.950575876844218	0.38372280635144
K26730	128.331049544582	77.4762445750529	0.90099551115716	0.950359649674013	0.728044340507059
K02133	12.0477290316556	3.31275186994229	0.900858277459441	0.950330352881302	1.86265917492222
K24915	5.72410042904452	1.64767853108003	0.900532280216901	0.950259979901349	1.7966141901103
K16323	1.24634725233364	0.452476534631341	0.899689565490862	0.950078386068388	1.46179120105584
