	Prefeed_HiCHO_mean	T1_LoCHO_PROT_mean	theta	prob	log2FC
K00040	6797.05995214091	2527.09742132087	2.86890865484141	1	1.42742956565309
K00074	649.406970665878	224.325912242263	2.35603788027324	1	1.53352659239899
K00128	3023.51682673545	1376.38886112314	2.33652838941449	1	1.13533948626864
K00287	195.939467469207	40.2291019955691	2.55825957944764	1	2.28409658516693
K00366	347.999878109468	76.5354623172216	2.70704404451567	1	2.18488652751457
K00560	1067.11980931684	573.667348239308	2.2970903962855	1	0.895435851012763
K00626	1063.61508576353	375.630460593869	2.51155776612058	1	1.50159018113631
K00764	1733.44491319374	863.092610500785	2.52284096019921	1	1.00605471503626
K00895	1644.99587531131	608.822802484551	2.59957827151344	1	1.43398966772681
K01200	744.412399984116	346.506377529975	2.32853501775899	1	1.10322018142048
K01223	10868.9491165953	3835.41351878164	3.67302772368476	1	1.50275842083423
K01318	299.974008167048	68.6030002258949	2.48714573045654	1	2.12849392450956
K01686	2266.42604847538	944.815036677689	2.3553442276318	1	1.26231525765852
K01772	242.013186047026	45.1913607382543	2.5283529417608	1	2.42096675146826
K01788	560.814081921176	169.209180251538	2.27905903537795	1	1.72871473320697
K01975	268.864066708672	44.4386799196282	2.56504803020264	1	2.59698908773515
K02010	421.849639269808	98.2091479276006	2.45033297703973	1	2.10279954859194
K03100	2531.83911400623	778.16648503537	3.82888938386555	1	1.70203498034401
K03215	1676.1591096709	856.735365057803	2.40983758862258	1	0.968237555961363
K03231	338.363199214879	34.9090140768715	2.73672378220564	1	3.27690115071166
K03547	742.24262460847	302.576605199654	2.34885785359473	1	1.29459040805202
K03687	1270.15856581767	507.223386285201	3.1940698457418	1	1.32431544369175
K03695	12113.0076306491	6259.72582373665	3.67007939055767	1	0.952385753670411
K03785	437.803938080684	152.484072597159	2.28308329162784	1	1.52162637486062
K05687	642.691130982564	204.007446085942	2.49168425379223	1	1.65550375337756
K06179	413.524070279339	122.195768263928	2.49713224810993	1	1.75877698342919
K07284	6175.24950185747	1232.00080740833	3.20377815517401	1	2.3254942263196
K07485	1131.58441105606	442.93570617401	2.52089602658854	1	1.35317500077367
K07646	1583.5361264549	769.170823302238	2.33353159771426	1	1.04177383751469
K08600	608.094235387207	167.494100878377	3.19806712793979	1	1.86018462820447
K08724	1275.47989635337	492.421668457455	2.28526270268983	1	1.37307400739706
K09014	2733.08820644532	1220.24136637714	2.62503367547205	1	1.16336547728645
K12410	1122.26439641547	608.212502022359	2.51196460760826	1	0.883765226382943
K14441	11989.887904009	3962.70752031267	3.81331000936262	1	1.59725977690468
K15342	758.261406764351	283.118522183093	2.4088558544106	1	1.42128915958491
K21071	1206.44082296067	538.923262060147	2.7842202923594	1	1.16260538615167
K21960	294.693903578543	71.6899569205056	2.47021487524813	1	2.03937428493003
K00975	1646.33417436429	755.668519831206	2.46034672573106	1	1.12343177664048
K03492	507.107019407578	156.941192579361	2.70900200384608	1	1.6920661761784
K11103	417.709207413465	87.9111791203363	2.9313247407996	1	2.24838040391517
K22373	682.938126197337	217.444543768082	2.83284003471254	1	1.65110736869285
K00688	2953.29562226198	1710.6740447144	2.57244275580269	1	0.787760884200897
K01623	1369.50599217454	322.22678100656	3.38698770571711	1	2.08750726863221
K25290	843.940023823321	280.455905089631	2.59164521356358	1	1.58936651500393
K00100	879.050259347913	371.082746508901	2.30052586591159	1	1.24420472874673
K01568	96.8231344227988	6.91275334528382	2.30420671694708	1	3.8080194441217
K00625	4038.64894813743	1945.53270892651	2.38561156287687	0.999999999999999	1.0537075124028
K01443	1041.51724545859	579.898650509079	2.30555134594831	0.999999999999999	0.844814041673641
K07450	549.723549423915	178.250010339699	2.82948167667256	0.999999999999999	1.62480412347633
K10591	20.4130834290709	0.711751307580345	2.86946162186227	0.999999999999999	4.84197707162144
K02794	3386.56784515875	1609.66368198157	2.56847725826126	0.999999999999999	1.07306461072311
K04079	5587.17856710644	2527.69412109129	3.63031369140631	0.999999999999999	1.1442980377475
K01338	5285.73657430388	2577.65099054413	3.49592079803659	0.999999999999999	1.03604758853142
K01442	3535.4017200381	1091.99982550231	3.67613946719807	0.999999999999999	1.6949015289406
K04068	835.630002735654	263.109684095073	2.64980366424052	0.999999999999999	1.66719994258067
K01176	1510.56590746328	215.264420454049	3.42091778687513	0.999999999999999	2.81090734025121
K07749	565.424072444613	194.648581846892	2.56881345595245	0.999999999999999	1.53846147231391
K08348	1088.46977204432	236.364328823358	3.52499043606713	0.999999999999999	2.20321711173333
K10877	87.5104338445437	4.12727375002991	2.39041137790105	0.999999999999999	4.40619400294103
K21527	33.9491242463199	1.04282690961704	2.65404085135534	0.999999999999998	5.02480273751122
K00762	1029.9743478428	401.747403340297	2.8699296984114	0.999999999999998	1.35824780232286
K07005	246.690860008397	48.3822361352363	2.63927144056385	0.999999999999998	2.3501549096187
K07305	621.798106768152	197.252337874346	2.79374661964794	0.999999999999997	1.65640382456035
K02796	3765.62717195651	1372.79223363199	3.22680305175094	0.999999999999997	1.45577687221434
K06990	1930.43137121344	554.408669138861	2.98013057596139	0.999999999999997	1.79990154412697
K26113	1349.02529784403	217.668873135712	3.41319687457454	0.999999999999997	2.6317103823732
K01613	1218.47561583456	214.46184314467	3.45870739757928	0.999999999999995	2.50628448741514
K26114	349.99159549919	24.8498612775123	3.45303996723184	0.999999999999995	3.81601057522264
K00370	1105.47382490075	170.357913435016	3.90912921264919	0.999999999999994	2.69802399591706
K25133	2798.88589994521	855.948706430223	3.45847470398198	0.999999999999993	1.70925642544978
K02761	3605.08476249436	1016.99891881773	4.1465365131494	0.99999999999993	1.82571503495528
K01208	1880.97344697213	297.4180712745	4.25228211935452	0.999999999999928	2.66091526893959
K07486	2386.68783687488	530.667110321221	4.26094682577323	0.999999999999921	2.16913084240392
K02567	147.708098698936	23.8987172209242	2.2304608532196	0.999999951250764	2.62774384210181
K24213	99.880938973585	9.70502946039645	2.21674717184301	0.999998476722843	3.36340488652818
K03671	727.918037506874	353.42734406722	2.19909663944145	0.999951638265286	1.04236235119592
K13566	420.747681296103	163.53068681533	2.1978645357852	0.999941202070911	1.36339393567088
K12573	2553.48858321393	1565.66100060181	2.09913684355795	0.999915326171139	0.705697736868853
K05540	775.615151586778	389.461417816809	2.19405573424379	0.999893614135595	0.993860572579185
K01845	266.854798688425	115.428673558431	2.10715432207499	0.999887379334371	1.20905330727301
K01222	509.495200314192	158.481773064857	2.1076610589104	0.999880551312181	1.68475162954889
K02819	162.089456042051	37.5448031343289	2.09269422701496	0.999824434136602	2.11010511412188
K07126	610.636610597684	160.538719443649	2.11184753651178	0.999801938798547	1.9273927937016
K01626	616.572678662421	279.995936473795	2.11333387473244	0.999761855757515	1.13886507292768
K01847	647.634121389149	296.406637778917	2.11604628652539	0.999671066223381	1.1276012418257
K02834	296.188852742751	109.409194272243	2.18519064240334	0.999656351797442	1.43678336386261
K00561	578.03908058177	145.130628625486	2.11900174569885	0.999543056035015	1.9938150145772
K09963	136.157316360307	32.7835711762315	2.08049379053152	0.999139265138578	2.05422958351843
K00705	937.02035214167	535.818330614404	2.08025630233876	0.999115307270523	0.806336446305832
K01754	782.894467892253	481.882651213409	2.13000856906182	0.998781300380124	0.700135987174743
K00844	60.9005997134425	5.10249021907519	2.16263938139683	0.997983253975754	3.57718301813538
K05516	387.054432598758	163.594222261055	2.14681919176916	0.99751931166997	1.24241467427035
K22522	142.229716356957	33.5947831411535	2.15484471972861	0.997516503892418	2.08191379917313
K02991	18.8753811743396	1.31988559438796	2.05904199285133	0.995420180012966	3.83802098931596
K17828	808.514047508892	528.151122558271	2.01326522490627	0.995251533803885	0.614322045688623
K01812	2445.68726510277	1608.65740776076	2.02181406038492	0.995214953273047	0.604382824197946
K01195	210.389643776557	64.9353079962333	2.01147126751305	0.995184965308234	1.69598864185038
K00931	865.537568248291	234.396733661944	2.003033577849	0.994671879576398	1.88464397462166
K13310	195.460177640782	51.664865076648	2.00049318383294	0.994492273784091	1.91961930006106
K00937	1801.97832673434	1163.62356124747	1.99789538168083	0.994316642387102	0.630957245483364
K09693	132.987667446352	33.8142241594421	2.03448591391568	0.994233000696159	1.97559030647112
K06902	801.29824115226	365.652457990886	2.03497788583797	0.994190098756099	1.13186624983482
K22230	163.477861497991	43.9388623309191	1.99577852326179	0.994185876014893	1.89552585531211
K16786	364.48253051271	165.033467521768	1.99548335957069	0.994168448699471	1.14309104683854
K01347	7.45558535958273	0.636015955444009	2.0391768306693	0.993881365874928	3.55118676380544
K19294	1271.85245384274	638.093959318576	2.04554951272137	0.993766020027316	0.995090533366433
K01752	614.243325724662	339.313602344471	1.98145834503833	0.993758298906146	0.856191010850716
K00864	2392.07799250321	976.666065864306	2.04477397041713	0.993746357903298	1.29232715220752
K00248	1405.50969031345	629.620528956562	1.97402726944438	0.993732487041344	1.15853891423372
K00703	2740.55645866308	1459.83674049248	1.97193436436969	0.99371277615361	0.90866182054992
K01520	574.238521133475	251.318457816161	1.95985576169561	0.993194767988751	1.19213348051466
K01491	827.06868356192	484.946688315558	1.95689800138369	0.992944596474661	0.770180986255204
K11921	96.6747052140332	21.7841103200342	1.94857260001034	0.992086005642802	2.14986226649615
K02014	106.620702743159	25.1288589624537	1.91237776338331	0.991445340849765	2.08507052740985
K08176	47.4274135070607	4.82067514260513	1.91576150009035	0.991413634905334	3.29841407473531
K01631	55.9151736175975	6.87594793789551	1.91877236687653	0.991345964343823	3.02360931178569
K02788	293.439074264354	75.1209170276452	1.90432982396919	0.991318578515938	1.96577441296645
K26550	44.0049873341759	3.97256407491172	1.90380308610403	0.991301901801903	3.46952464718726
K02027	345.748467046885	127.014222109494	1.92268407741201	0.991226460847826	1.44473280655826
K15780	318.538302977125	131.779581424805	1.92323517280899	0.991208885053949	1.27334001190145
K12264	835.776989316393	389.835730862903	1.90035538875595	0.991185474161896	1.10025171019804
K24139	6.55338456375036	0.646816010299687	1.93665260173801	0.991141091227701	3.34081289936565
K08170	54.5894276711023	6.72255094751331	1.89875810723543	0.991128391070446	3.02154088273788
K11694	196.686913144867	57.0363338461266	1.89677297653663	0.991057884965211	1.78594781193732
K06915	506.192090890436	234.026873108359	1.83092370351757	0.991005340240857	1.11301076314393
K02232	234.293470861054	58.387852574208	1.8951175879988	0.991001083185114	2.00457659381105
K26605	298.483409072599	122.927492867334	1.83277993383385	0.990999797121969	1.27984313072289
K22337	6.61828162985668	0.730546675361578	1.89211043294965	0.990904288866679	3.1794083280978
K09810	1305.10781260073	697.601684030216	1.83733317050166	0.990756397027209	0.903693562212958
K03442	1099.07602285429	605.207408886618	1.88350655490467	0.99063263091681	0.860789626547964
K02528	1261.01670380316	851.949613494943	1.88243746610726	0.990590457741448	0.565747372792989
K26905	146.531277639267	34.078770505602	1.83989349156813	0.990508924533025	2.10426345403078
K02938	13.1715391544451	1.37725435848399	1.82229062573225	0.990254676988775	3.25755700734136
K03856	957.585700197432	583.800370114859	1.7610005773148	0.990196730761188	0.713926482940003
K12411	7.60259904559255	0.80839653192691	1.75923646398648	0.990188608389475	3.23335766901777
K01934	290.249743185623	138.76981898499	1.76457989987495	0.990186828372139	1.06460095995778
K03576	55.1531052142023	8.38701527283349	1.7661982772369	0.990165487470311	2.71721272596236
K12267	342.245020136831	112.195524784234	1.75585882279813	0.990163024450648	1.60901441820762
K01342	8.26898079412407	0.85804450848884	1.75182462556251	0.990133541405839	3.26858512850798
K06148	357.332673786378	168.790801040736	1.74847900478562	0.990118298473962	1.08203155661005
K02757	425.623685326601	205.529444167916	1.74728355975929	0.990114527999152	1.05023334756849
K14194	141.4643993492	36.2815976024281	1.74590065821774	0.990110572452912	1.963129143796
K10907	875.629788229445	406.173567173563	1.74540898760846	0.990109014797516	1.10822467922479
K02072	137.920006168531	39.2270396692069	1.74270217913371	0.990097388415307	1.81391137469963
K07260	210.474420181943	85.7628297792338	1.74206256182946	0.9900923627904	1.29522049331049
K01535	59.6778451527241	8.60493894532457	1.73861088971754	0.990047663773302	2.79395858265814
K21591	351.456852743687	105.808239228306	1.77168586514766	0.989979310341539	1.73189561133954
K02940	4.49302482385772	0.653366077944277	1.73577126487464	0.989972615809797	2.78172357406342
K03545	8562.5782152222	5158.80141582558	1.73514692915692	0.989950213092299	0.731009349277161
K26318	136.416195766717	42.7815181458389	1.77365969537571	0.989861410341873	1.67295535186614
K07481	153.411371355409	46.1736782131548	1.77366159632001	0.989861285650128	1.73226285638029
K01216	53.1409291616405	1.33977305385463	1.7328840278155	0.989848675345484	5.30976290713011
K03525	814.523136887995	472.063346033189	1.84578192929087	0.989816658524612	0.786975212344968
K02987	31.383852378274	3.32665850925716	1.77660067118241	0.989630717438842	3.23787677219195
K03189	46.9633210945475	6.18724339739462	1.84763258562066	0.989609600895517	2.92416574103345
K18118	930.757137636119	224.686969008939	1.77697814479106	0.98959677482942	2.0504883185103
K11254	7.81163135520958	0.805659476478281	1.72870994028529	0.989561105112233	3.27738177051983
K07484	1417.08827157592	979.693916447061	1.81723964147068	0.989372885854585	0.532526640906277
K01486	646.112299305087	361.470285279118	1.72644354270775	0.989355496485196	0.83790788316645
K03737	4052.98840101135	2909.2044054431	1.8504450182041	0.989341750688516	0.478361380529453
K27323	5.61858853348255	0.668062229581654	1.77994683164928	0.989293226170513	3.0721533509578
K02400	76.4224814751028	14.0887198562156	1.78100803073703	0.989172725537963	2.43945657350593
K07137	593.51496175561	333.980338375606	1.85767738935524	0.989058172735683	0.82952122595837
K26046	6.86372525226219	0.62829214163859	1.81494632153856	0.988938494310941	3.44948436361365
K27043	171.046379112625	49.4471254367321	1.81438249196495	0.988832654934436	1.79042900517999
K25288	141.779068582572	33.5809980326907	1.67568613798474	0.988774591408355	2.07792754423866
K15192	30.7564151301127	3.77634872001978	1.67708232969122	0.988768074260572	3.02582345815487
K15633	1348.79049754923	867.594049628228	1.6708111252952	0.988599752922456	0.636574213935292
K11661	15.9061843269279	1.54100702673294	1.68158151866513	0.98859251133682	3.36764244920882
K18126	8.91488795145433	0.955686309588249	1.81249156216087	0.988488446529424	3.22160760823291
K21961	236.550180037162	62.308847786493	1.66872674072977	0.988428222044568	1.92463731489217
K11535	169.245635262097	15.9054520552319	1.68464583800225	0.988369277404776	3.41152534710015
K02984	10.4570964049841	1.09770980975573	1.66769225851424	0.988316860922005	3.25191369835508
K03969	148.682824555556	41.0586395905043	1.66764626360193	0.988311849372278	1.85648026866268
K07770	62.7518013765596	13.6331322279421	1.6869269493158	0.988170103510375	2.2025398131138
K01226	165.428688108688	41.0145068895601	1.71621791456858	0.98813679780083	2.01200325531715
K02989	7.62858722219494	0.990217364935476	1.6886574794407	0.988008236240033	2.94559874714776
K16212	398.440601783764	187.253714123599	1.66497867786017	0.987970131364752	1.08937033359783
K23684	124.190399451743	32.5397418419272	1.66456240821189	0.987907431316019	1.93227893985069
K24041	19.4226257920108	3.10674117568214	1.69057018109912	0.987828341284932	2.64426429553258
K08884	183.136313866511	46.6915327056841	1.79221935602897	0.98777184096601	1.97168503699521
K06413	177.43168696079	66.4976520140449	1.69196001762993	0.987700716579624	1.41588837290295
K02985	5.00497292249113	0.599957774866236	1.80722392323836	0.987699369863542	3.06042939165182
K02976	11.9487429222276	1.45822777558801	1.69253088667976	0.987651263026095	3.03457085446773
K02900	4.85924713702922	0.612026083663236	1.69278280458097	0.987629384631514	2.98906776361098
K06907	24.9378268087909	0.987541886808394	1.66266891472518	0.987605474124869	4.65834999596405
K12940	68.7366255822332	19.8578746203712	1.71124239684849	0.987587941740943	1.79136780856724
K01835	1901.94495922025	1343.4369495246	1.6937534484662	0.98754810004129	0.50154688228935
K08093	88.0566375082744	22.0446496572373	1.66176723337447	0.987450171388966	1.9980032059885
K00078	193.552825512867	69.3825931538116	1.80406058235072	0.987415119873215	1.48008170141699
K00700	3011.33640803314	2117.75483003056	1.80323775078618	0.987370444780897	0.507868306206263
K08659	1392.57036806827	833.504617134734	1.79726606303013	0.987366760917042	0.740488134284077
K00965	664.88366892248	258.474004592956	1.69689577576795	0.987325311312309	1.36308274997245
K02111	4652.18422167573	3304.50817503768	1.79873305988721	0.987314855941571	0.493472662317206
K03235	160.76081876843	42.3395065006699	1.66102069543705	0.987312730064471	1.92483947145368
K11635	170.031324602434	62.3640097574328	1.80081048794588	0.987297309463229	1.44701496060241
K03086	1375.15416796878	873.566695055219	1.69897344628514	0.987225386962042	0.654603608336418
K08963	464.051984892381	182.533569936209	1.66012734316326	0.987145272262328	1.34612461474658
K00980	105.808321332465	33.0116567497586	1.6585991637275	0.986844475572745	1.6804056434177
K00004	12.6732489914625	1.45384154439005	1.65222600188416	0.985488395228406	3.12384448780574
K04095	1278.64578182644	608.091228459603	1.6487146565634	0.984754604744071	1.07225697114907
K26404	57.5481394137749	8.52858297422568	1.64780609255081	0.984576394971434	2.75439132290849
K18888	3225.66202847401	1911.63990156062	1.64769544606669	0.984554754292916	0.754784500482415
K05808	1865.76193194357	1028.65608640712	1.64681275528638	0.984386627795853	0.859004190094523
K02441	69.5056407324702	16.7988089968389	1.64009596471706	0.983345873367905	2.04877111221533
K03491	339.026836189481	132.983382216004	1.63978598506963	0.983310256205387	1.350153500763
K02110	151.635216693969	54.1867845225807	1.63841290502383	0.983162291907728	1.48459190842208
K02975	4.30645653335869	0.61203678402217	1.63719217531498	0.983045785664977	2.81481100164134
K08314	79.0886103406149	20.7156529855692	1.63443314020001	0.982847286872547	1.93274864841823
K17064	95.7797532037519	21.7060511417521	1.63222130425544	0.982734426607946	2.14162342964507
K03568	435.489690616322	181.686973959026	1.62766423734719	0.982598279471921	1.26118357687731
K02934	4.99857208370461	0.717536585640151	1.6262989193319	0.982567581675902	2.80039172781369
K02770	1412.05710842381	738.535983162839	1.62284023470854	0.982477385431896	0.935058318097344
K02960	4.97958428817122	0.679249099509693	1.62034030944992	0.982378154519929	2.87401265350497
K15711	3.69529063082418	0.575310950002821	1.61928415629723	0.982325458824985	2.6832740006359
K02980	4.32873203095419	0.640667698173785	1.61629439124619	0.982115916642867	2.7562963354444
K03283	49.8214525852679	9.3259430880878	1.61557481508844	0.982053889749441	2.41744555443031
K19956	254.914212106288	99.160116000724	1.61215041931042	0.981684573976791	1.36217994521739
K07273	514.356536773754	272.207150956953	1.61194982715422	0.981658944603507	0.918063772471392
K07588	683.420611747475	119.686541272696	1.6088191849845	0.981219662087002	2.51351282900796
K05878	361.410117712357	145.475742070732	1.60840250868035	0.981154547216645	1.31285828987447
K18748	8.92603752471046	0.989231497384513	1.59911048479138	0.979489114841053	3.17363979028388
K19703	6.05759980707526	0.793028751053415	1.59871109142911	0.979412966490095	2.93330119367903
K03712	90.4531157215178	22.6882904755361	1.5983428638122	0.979342824872342	1.99522228988842
K02936	7.92682405731717	0.988503637719892	1.59497786323787	0.97870501915381	3.00342477465859
K03654	1910.00775525351	1200.57334602558	1.59159533729623	0.97807346382	0.669854951978998
K12681	67.8091471338157	20.4456925181408	1.59018461899105	0.977811922511106	1.72968296987587
K03521	329.428394420368	142.76234447466	1.59012528985992	0.977800934170292	1.2063494116821
K08286	11.7506353225664	1.6154346886551	1.58859906444996	0.977517516536721	2.8627444318691
K21572	466.548866912277	246.618204435918	1.58792372150856	0.977391980074198	0.919748900637787
K23486	310.110686996441	149.647020277279	1.58768272130861	0.977346791446452	1.0512196921384
K03006	5.89586209817063	0.837255841613749	1.58741740921914	0.977296832130897	2.81596233887378
K00667	3.39706486339991	0.649660616296167	1.58722305367541	0.977260246906141	2.38653061129469
K02995	17.279564338104	1.96758650693459	1.584849498186	0.976808536913779	3.13456787214851
K05601	364.596024662004	182.529365346201	1.58436529823636	0.976714651041384	0.998170247558788
K07277	204.088169535587	85.5991548256879	1.58425123232603	0.976692135980681	1.25352409831312
K14575	27.9111829174734	2.10828885540995	1.58404744200169	0.976651918658808	3.72669882083808
K02966	3.22771858830284	0.542175938888638	1.58353054562907	0.976549957598088	2.5736818067166
K02493	482.847793179621	268.86510482715	1.58294740869671	0.976435010462101	0.844685959399988
K01766	187.937045594295	67.2969727104505	1.58206996306494	0.976256694599658	1.48163596140708
K14136	49.161766403279	11.6154889187818	1.58169358511096	0.976180116412036	2.08148687199376
K01950	466.626818510049	284.368277012166	1.5816118138859	0.9761634835279	0.714508693279861
K01715	185.363583658972	74.8518734692929	1.58048749382782	0.9759286314821	1.30824751030514
K09013	623.987823253711	272.356088696781	1.5680946972998	0.973036520669671	1.196023756117
K02530	89.7380403076478	17.7053076703696	1.56769709658652	0.972942827196572	2.34153776481083
K07180	25.0321337727157	3.15524820913367	1.56684204494584	0.972741867012073	2.98795586844054
K10563	228.235004608033	88.350329130517	1.56210186395803	0.971714602916654	1.36921266167732
K21936	10.1683781104511	1.24991577273823	1.5615723699702	0.971609728996651	3.02418679764787
K09554	2.94750751575742	0.493840383596163	1.5603861999939	0.971393219084884	2.57737876967631
K03931	181.683872286795	69.3943598815002	1.55915656360693	0.971185004323024	1.38854004437748
K00024	901.132723330634	376.488913552191	1.55797766823713	0.97100108079958	1.25913222646034
K23144	152.787811573336	56.0036163320393	1.55657180755616	0.970805645465773	1.44793756434515
K05656	11.5882401623573	1.50602420027428	1.55395563829823	0.970519690930062	2.94384463144952
K00874	577.688597427101	360.599662287307	1.5534642054772	0.970473277671288	0.679893973013822
K11693	158.615981460554	54.7888231541188	1.55131695979915	0.970312957363718	1.53358461760558
K01802	108.917671400963	32.2062098970516	1.55060590651432	0.970274679981951	1.75782724775089
K02932	6.38057005805936	0.792980868651947	1.54978911616839	0.970232715673207	3.00832735897915
K09580	21.5662749955305	2.70400298977873	1.54893439930804	0.970200304786321	2.99560835864588
K11251	4.29301999097713	0.652288349554905	1.54647911090875	0.970134705586632	2.71841112483039
K03631	375.694651109781	215.624528952587	1.53811948888589	0.970127889380548	0.801039270885065
K05816	279.433653474112	116.933009483778	1.53956656802709	0.970122608568738	1.25682353010044
K02880	4.31497228115029	0.694872366109502	1.54535407466505	0.970121490484218	2.63453137812967
K02882	24.5320127626528	3.29142267868416	1.54074192855759	0.970117721766493	2.89788239482646
K01240	173.615686553535	58.9777345342626	1.54120251067595	0.97011579364322	1.55765499283826
K00609	2050.9788328435	1177.32060524765	1.54423422800199	0.970114165912968	0.800805357255255
K03095	41.0842537945365	7.43589083094391	1.541717030057	0.970113745997939	2.46600806882016
K13626	74.8414616106564	19.1797530598886	1.54201733096036	0.970113171855829	1.96425358813987
K02866	8.99222910494237	1.27447809372162	1.54277305121997	0.970111727423274	2.81877221725092
K00075	679.760110205066	455.7809216438	1.52424575376209	0.969770318624476	0.576685167238222
K08711	26.2822332701998	3.59457937268994	1.52069683389059	0.969497066591356	2.87019300480382
K16261	23.2660425975653	3.39321666683837	1.51514882360561	0.968875829555561	2.7775003801598
K02993	6.720466797305	0.960381486940301	1.51503406085737	0.968859652040168	2.80688194628695
K02865	16.5802519753169	2.02262914335397	1.51211667916858	0.968424898027489	3.03516220638648
K09553	6.13431326118307	0.922837573291441	1.50500189123112	0.967065205784128	2.73275319304782
K01905	995.579327834242	445.094240333462	1.50482695923173	0.967027055870805	1.16142544261257
K13730	366.322985232539	160.560479641448	1.5037561366049	0.966793578201415	1.18999939538126
K03515	3.50179436919174	0.561669445922365	1.50318587946547	0.966665694100574	2.64030113950872
K00702	291.455598858843	150.679740164552	1.50308433493174	0.966642909669708	0.951790665481324
K02066	59.4249761138154	10.8951756394571	1.50044089823729	0.96604463880475	2.44737996416191
K02444	10.8923065410575	1.80610978254757	1.50015108485018	0.965978784480789	2.59235199633463
K11253	9.80504070879898	1.16677341380189	1.49649708863782	0.96516464876477	3.0709992018936
K08150	6.15915279669316	0.932889396141067	1.4945964795832	0.964769814709062	2.7229539694476
K09121	282.237211035031	133.024348170105	1.46446150674708	0.964609929669499	1.08521787567573
K07638	27.3142534877191	4.57355525504161	1.45483471295894	0.96449891403396	2.57826600790252
K02337	2122.24974454785	1633.08140052324	1.45328786322132	0.964338380470941	0.37799773791445
K25130	73.4845112375641	12.6676259715787	1.46800805866278	0.964337187312339	2.53629402104907
K14753	12.3999524598443	1.51932895203695	1.49176653772885	0.964244598516665	3.02882842078291
K22836	5.16128994190716	0.71752105102821	1.46991384032155	0.964155997362029	2.84663861398937
K00773	1111.83599845772	835.939267045258	1.47035388353114	0.964112613434049	0.41147396276116
K02071	486.975770431118	302.085442952229	1.47095525021306	0.964053139233011	0.688893328121991
K02964	10.1941257545131	1.2980326271574	1.4711880375387	0.964029992429428	2.97333950324425
K01625	909.15522850802	587.368246289082	1.45083873524978	0.964009794562367	0.630261365917489
K02871	871.512068931634	600.206174910291	1.4500338680238	0.963878309220582	0.538062481882024
K02930	21.2375792711264	3.1877094720447	1.47275406151093	0.963875666975147	2.73602727925035
K02998	8.84968528561427	1.44973262192242	1.48895522879629	0.963824763033868	2.60983930602425
K08786	26.1662663522603	4.10125729613531	1.44946939318424	0.963786215448153	2.67356992143
K02997	4.42762186907114	0.751048128349688	1.44917711507534	0.963735046127051	2.55955475131673
K02917	6.38915147835831	1.11604797887958	1.44904616901839	0.963710567596483	2.517225294505
K02006	92.5714770689567	24.5113461095372	1.48770870087697	0.963682499962654	1.91711802571961
K00668	4.53200525304959	0.83817155254666	1.44862700008749	0.963632250921835	2.4348320708921
K06665	6.71573584404996	1.02776732058334	1.47597086847531	0.963592380020883	2.70803179928305
K03234	18.2969564339076	2.40626803500452	1.44826738049131	0.963565110179898	2.92673442774012
K01880	1229.11896122608	846.013778008996	1.4791929544592	0.963404233943226	0.53887149073145
K20241	3.0323460659815	0.551963610010642	1.48396262006273	0.96340176499889	2.45778934932584
K02558	99.1370752856852	27.2032002545373	1.48112472891675	0.963362656556004	1.86564831362995
K06189	141.858383968328	57.2229649507273	1.48151948016747	0.963361743169805	1.3097852612989
K01207	430.150225793027	181.224478549451	1.44659188683065	0.963232566544633	1.24706275724661
K01904	2.6219537848333	0.523587724697095	1.44477814993329	0.96283939685682	2.32413907711648
K19851	4.07466515533377	0.603209970035127	1.44170272223246	0.962107332069772	2.7559493283308
K09490	20.9448436334224	2.82266197105287	1.43994856912517	0.961662374335401	2.89146683985198
K15770	112.791311770639	43.2052109923667	1.4394880280264	0.96154400775221	1.38437871046899
K13333	2.81899703402272	0.521283338091425	1.43794671600099	0.961137473083937	2.43504230742889
K02872	4.23885297789376	0.751833770785843	1.43752652160894	0.961025046408593	2.49518830347264
K01989	652.293802727023	366.947617745935	1.4375194476209	0.961023135988345	0.829947790761725
K01903	187.464066061583	18.2082043676166	1.43652803281034	0.960755635002786	3.36395351929631
K00698	12.0342730668984	1.89699387324878	1.43515461114981	0.960380541281323	2.66536207373581
K00124	84.7338000010884	28.3230601875343	1.43423161509301	0.960126429822323	1.58096041913773
K00059	533.626751531056	332.56025182155	1.43386686468444	0.960024955491004	0.682215247346092
K12732	3.20031614134518	0.530284604223837	1.43300268431434	0.95978480125541	2.59337565956125
K02893	6.5350982561838	1.06750599972514	1.42660686619807	0.957950031431432	2.6139647490443
K01698	126.013616953322	45.6960490181772	1.4254557641774	0.957607776533345	1.46343830170764
K12684	35.9910450821097	8.17180760232948	1.42453762691963	0.957333167070282	2.13891085215302
K02823	151.205502994921	59.0092165977848	1.42219436248186	0.956612321862634	1.35749843570687
K02883	7.5883387114254	1.06802016325096	1.42154651723289	0.956410042034475	2.82884519195157
K12960	201.673022713773	107.205066732472	1.42002998160547	0.95592692527253	0.911645019069866
K02969	2.86575907068688	0.609945235878259	1.41815022528492	0.955312083213049	2.23216570405302
K11069	363.327618768869	197.790261573107	1.41425065831845	0.953972217757564	0.877299642926776
K02805	139.325279060144	59.8662418043216	1.41283880489514	0.95346604572432	1.2186424322609
K25026	705.738399120773	447.512451567051	1.40830985200281	0.951758774057184	0.657205684528478
