	Prefeed_HiCHO_mean	T1_LoCHO_FAT_mean	theta	prob	log2FC
K00091	0.688050446731284	15.3250475019014	-2.35629575099312	1	-4.47723339066987
K02117	489.203967091152	1014.88085164026	-2.64153548599115	1	-1.05280235479729
K03310	485.208756852337	1079.76583976512	-2.31058899457061	1	-1.1540409875169
K04069	168.096965519063	581.311418661326	-2.5500599412889	1	-1.79001756628501
K07714	262.239725473432	815.579553766799	-2.55107209584623	1	-1.63693935879512
K20525	0.743542921025691	12.7850874197911	-2.27268334742459	1	-4.10390219074029
K10441	598.134751584338	1289.2150292643	-2.70891742007091	0.999999999999998	-1.10795046646728
K10671	358.671924666322	961.82894738497	-2.71069907960837	0.999999999999998	-1.42311552488931
K10672	261.050244542932	735.035654144306	-2.7398924765446	0.999999999999997	-1.4934867218491
K02990	369.42371383001	1004.02734127534	-2.22237474710625	0.99999999989635	-1.44245017368624
K07548	34.5901809493375	171.446081910139	-2.20621938542995	0.999999985916485	-2.30932046854774
K01012	349.080220786563	661.395402719391	-2.20600037577852	0.999999984910335	-0.921954402813291
K02965	361.82540559138	771.122336063743	-2.19971249824268	0.999999918948777	-1.09166604676844
K02890	397.032734041101	782.836507978643	-2.1746551637713	0.999981905690241	-0.979453080624747
K02356	629.594220688903	1012.9166266876	-2.16083729277375	0.999845775492024	-0.686021227678658
K24085	195.403846897877	522.737283496957	-1.89833128161317	0.999385251844349	-1.41962719135679
K00639	376.805212493317	807.476197341673	-1.88522843424943	0.998769982240191	-1.09960081044096
K04108	114.262428056872	323.753310840001	-1.81096720627122	0.99844750159008	-1.50254385411113
K02118	483.76313301264	800.554122588992	-1.88116119454904	0.998389732462423	-0.726698113958556
K02913	176.06787318457	361.658017426687	-1.83676030642598	0.998378318604635	-1.03849444745432
K02892	122.195278441797	274.022036800769	-1.83713434241242	0.998349390959157	-1.16510337782322
K24846	3.66076093133087	51.8777316678008	-1.80884088988899	0.998317046439538	-3.82489993415225
K21523	22.0324916763444	219.186940524882	-1.88001730789236	0.99827441654323	-3.31445727780924
K03317	36.5386374408623	146.002516849949	-1.80037993331855	0.997664019700248	-1.99849849840909
K00926	356.285398917985	580.561984115707	-1.79293378827799	0.996935994383807	-0.704416744693024
K01844	90.0085597108996	253.761376577247	-1.85719874298475	0.996855062989306	-1.49533839062717
K02804	204.955480096812	428.664655446861	-1.92369786946961	0.996810859084513	-1.06453890272582
K02601	981.125647528354	1745.52439519298	-2.11764179379693	0.996292311067627	-0.831150708278682
K23509	203.984497166165	493.338014857335	-2.11231018550145	0.996010109277641	-1.27411694906451
K25674	201.706403543322	433.331883366185	-2.09804229104524	0.995951336092741	-1.10321550433795
K11180	418.230641117178	1564.54781651263	-2.09968409267854	0.995940578451118	-1.90337508357369
K07666	1.7209163628681	18.9251936827882	-1.78103625691988	0.995704348225883	-3.45905917629189
K02963	485.915152882896	1237.56768404215	-1.76339393402324	0.994759612326189	-1.34873110246763
K02243	126.091668514611	475.270696492983	-1.74999523390999	0.994507045204292	-1.91427649993063
K02864	877.593098593644	1490.60181624476	-1.74545003967053	0.994333114932794	-0.764270837123989
K02123	339.883569707279	589.472082271043	-1.74458916793696	0.994290978498016	-0.794382865650846
K02867	1043.52169372404	1781.99552878671	-2.06736293761053	0.994055649833328	-0.772033124061793
K02906	1523.78048392636	2609.18508894643	-1.94084127935123	0.993636391491664	-0.775944205988981
K02779	18.2328694400995	60.4815787054758	-1.5678232297252	0.992247326971666	-1.72995417091978
K03628	601.575348184267	908.974425544372	-1.57000482019146	0.992206701364291	-0.595494255671443
K03305	190.916177606856	598.701483912906	-2.05271495282044	0.992177082517086	-1.64889748890175
K07498	32.665889481139	122.328793025424	-1.57099918485077	0.992176600853009	-1.90490718734762
K18119	25.2975627574376	151.056635108296	-1.72261500287602	0.992155430548119	-2.57801925212873
K27684	118.427839449858	261.495311916126	-1.57358029173229	0.992075177255923	-1.14277681940747
K01465	225.991334890775	399.151479570525	-1.55995463478512	0.992047040141713	-0.820668901924548
K00956	63.9998747420656	153.902298046916	-1.57742681360553	0.991885644042099	-1.26587378729685
K03584	163.453941365328	328.33076989816	-1.60651079118816	0.991658283537307	-1.00626579484842
K02935	297.26249161016	564.783085028487	-1.71926499378103	0.99164202903525	-0.925959444861934
K08217	530.508371934708	779.829606420969	-1.6033010638115	0.991601269731425	-0.555783409602533
K05846	157.467661042031	364.832917799025	-1.60143225773289	0.991558999082447	-1.21218033113712
K15555	257.592595695401	528.051264902392	-1.60031278437181	0.991532943309672	-1.03558687295352
K00613	80.998435915372	219.867373137049	-1.59979530612465	0.991521159525296	-1.44066757882883
K02106	16.9794352249689	75.3788737434409	-1.61758807925433	0.99144384958057	-2.15037176712156
K02968	262.09768836116	523.208847805321	-2.04638385713336	0.991173052936032	-0.997282308465454
K07462	181.303804762883	318.092399194892	-1.62112983953689	0.991170175938753	-0.811036697978074
K00656	2125.48801740049	3480.13886942579	-1.98094183492427	0.991142586575106	-0.711350749984086
K15582	106.514317677629	269.252193664065	-1.9766607321236	0.991134954070349	-1.33791072794416
K15632	0.721354379864912	74.0612139772115	-1.98546692852295	0.991106534268427	-6.68186620086093
K14591	14.4924688680413	81.1862031251256	-1.62576615524143	0.990653728119636	-2.48593118852489
K05845	154.767945174767	348.906186499357	-1.54550953598084	0.990249434454958	-1.1727324803081
K10440	301.574501388864	572.990293986175	-2.00222212742276	0.990042116661699	-0.925996249479915
K18881	65.8803521018902	256.496979522408	-1.70666753561667	0.989535866010747	-1.96102166615263
K01712	157.475136244485	339.524193990175	-1.6349136510933	0.989262233900031	-1.1083903230245
K01874	3999.09612451478	8616.60441263235	-2.01505559250239	0.9888948923885	-1.10744549243751
K03074	65.7007983802411	153.861172179638	-1.53574788070918	0.988826861737298	-1.22764639751308
K10823	208.673352756616	438.426241587877	-2.01907985351292	0.988718167145672	-1.07108776954985
K25261	10.3674930296723	66.0719543622038	-1.64039365678379	0.988405455062163	-2.67197094197288
K01489	126.074292239051	280.594060717286	-1.53116641643805	0.988345926169878	-1.1542103457629
K22405	205.934315064202	354.762550227229	-1.52880235667219	0.988155569844584	-0.784669474684989
K01890	566.200653445356	768.691467535075	-1.5262579666317	0.987989624030965	-0.441091240415584
K04487	666.073488191264	1104.14747487035	-1.68383039073842	0.987861767856939	-0.729179613390192
K01768	63.3617339570167	167.760912194755	-1.52328132327364	0.987837227769196	-1.40472288931955
K05515	213.380844147687	369.611001194706	-1.51827632548286	0.987631496967301	-0.792577031310385
K10793	654.344020345187	1159.36654422097	-1.51418135506508	0.987457048313067	-0.825215524595551
K23537	404.729568303818	648.106287448998	-1.5119043564214	0.987341952369591	-0.679272178344351
K08998	94.3760190729986	200.1710351127	-1.51134275086945	0.987310001609707	-1.0847410075512
K03040	4857.43846990009	6555.0087483688	-1.35541956565345	0.986876607898577	-0.432401984848017
K18011	3.91360966508097	30.1195777284175	-1.35474695484955	0.986874072374794	-2.94412976681582
K16200	71.9677675454141	163.267358969638	-1.35337062484048	0.986866803102291	-1.18181357918725
K02899	746.980001141668	1176.11673477051	-1.36350245996996	0.986824018099154	-0.654889737681796
K07560	483.991811860267	902.662212829754	-1.34420035408356	0.986753217920577	-0.899203574384834
K20118	85.5921696243041	186.959711073296	-1.3441659796186	0.986752607384251	-1.1271766864769
K01687	548.097612559235	874.966451247351	-1.34369073470672	0.986744178866712	-0.674794850379973
K18012	19.0936532856073	63.6291101353876	-1.34103264226049	0.986688475078413	-1.73659377806088
K15583	198.226198936355	363.482751284422	-1.34008902712468	0.986665619244097	-0.874739252483864
K02527	24.2979386699015	73.353675521322	-1.37034412235359	0.986623115479254	-1.59403532947872
K10548	186.326864893349	423.976157746712	-1.50205420259144	0.986606304159096	-1.18614743800847
K06911	24.7285016611479	93.1912105915237	-1.33494230032844	0.986504879275607	-1.91401906507122
K02557	52.4709945588486	128.923630765306	-1.33429696595404	0.986478302809196	-1.29692468261786
K17810	36.166471793493	98.4449851942647	-1.37407220481311	0.986443455985693	-1.44466485355867
K15580	451.382047106604	964.760082758693	-1.33307315708919	0.986425669542128	-1.09582117740707
K05825	263.993514366303	445.738732693146	-1.33297009380809	0.986420852557324	-0.755695843358557
K01369	0.879606322910515	11.0864453302398	-1.33269545891994	0.986408030317925	-3.65579508032481
K00590	2.13324512968401	19.9206492873207	-1.33035032035274	0.986287492996493	-3.22314301153666
K02032	263.554408481771	475.60061639081	-1.37683697942104	0.986278249340067	-0.851649760586672
K12941	62.1686982890913	134.526656623766	-1.3773268066528	0.986246099248193	-1.11363179629065
K01364	46.4531266148909	139.241964488017	-1.32803352679373	0.986144747039207	-1.5837464652192
K14977	98.0892660284899	227.913737139379	-1.32735630058576	0.986098612459173	-1.21632070823366
K00187	1752.07788143465	2717.70924917806	-1.37950343142748	0.986096169189625	-0.633324213930798
K02945	2982.56287577507	4041.48057957657	-1.4942920528746	0.985826806111606	-0.438331363258492
K10670	90.9150703120087	190.403909767806	-1.38313909959756	0.985820437332197	-1.06647173922162
K03630	126.677228320813	221.839347608957	-1.32295953473027	0.985748695870113	-0.808358071912345
K01266	0.860901749634944	3.94094665493738	-1.32215950745764	0.985676317827141	-2.19462171650157
K08784	11.9181263191254	57.6373728115898	-1.38564884993577	0.985617472453866	-2.27384713340773
K01082	44.807228820249	113.042555753951	-1.32119725574637	0.985585188307057	-1.33506258030566
K07719	6.07588944952455	22.0359789550727	-1.38651725199694	0.985545929044501	-1.85869346477113
K02884	225.141433835449	377.006704215651	-1.39071279907469	0.985200676974422	-0.743758591635834
K18675	87.2750479230944	302.724110776714	-1.39076841368119	0.985196168066883	-1.79436243560807
K18959	4.57598999038328	45.2777132992355	-1.48787628824216	0.98518788645731	-3.30664529684347
K12942	24.8793453772414	86.8609232080387	-1.48557704060828	0.984980970044501	-1.80375876074367
K08255	118.444113958313	235.30458347281	-1.39574625232176	0.98481414616388	-0.990322916839214
K01711	72.5243216330478	161.483123513388	-1.48163473107088	0.984669250601321	-1.15484659662478
K13059	98.804706465067	195.159193758122	-1.47936361785408	0.984518106569573	-0.981999758406058
K03480	0.771733742743144	4.10582590202519	-1.40056874148494	0.9845090525865	-2.41149736300333
K06398	123.602196028076	228.829122977916	-1.31123116867212	0.984504976638615	-0.888566299248881
K06142	6.59029839415668	30.4011660730135	-1.44096941757837	0.984385783612343	-2.20571096715042
K18332	177.623333657447	331.572075427952	-1.44061721512465	0.984384740023882	-0.900501394898499
K08311	0.719220684848882	24.8390335421958	-1.47674429507185	0.984371066418594	-5.11003071736219
K07718	66.3303685665789	141.529095472227	-1.44664799901348	0.984366175164037	-1.09335722460033
K00198	501.797305005845	807.808840813753	-1.44739034208353	0.984357955259777	-0.686909212746152
K27244	21.7408844571718	66.175077400752	-1.45355508448354	0.984258544913566	-1.60587734423524
K10542	991.957622749174	1509.61860451703	-1.43005322666385	0.984257333541647	-0.605833713997801
K24289	2.80213091272637	12.7285888915771	-1.42998570464902	0.984256194422735	-2.18347622528726
K02895	107.491464357262	213.868590133342	-1.40634538684975	0.984254504008048	-0.992502512909535
K21993	0.850454145097362	4.27039214014955	-1.45380328047555	0.9842537698415	-2.32806319957906
K21471	17.3045056988241	110.731040072247	-1.30884272578889	0.984237124188065	-2.67784005760749
K02033	494.537770696682	771.644024467926	-1.40878213635362	0.984185336057506	-0.641854743437634
K25676	58.6937237392388	144.50227051109	-1.41062157123729	0.984148084602213	-1.29981401558917
K00957	50.2265607714749	119.260109814509	-1.41132153968342	0.984137237116997	-1.24758917433325
K19702	25.9102431315454	91.731859328894	-1.41387095328494	0.984110007911979	-1.82390032900812
K02888	653.19119869097	1137.69732862328	-1.41453432620776	0.984105612585142	-0.800539539351675
K14213	144.510959426558	301.315777244802	-1.46316124221466	0.98410524852999	-1.06009730807614
K00860	29.4906307744598	85.4770820970407	-1.41663868202674	0.98410169625628	-1.53528097953103
K01495	57.0024984266318	125.677406841846	-1.41643864161143	0.984101497339422	-1.1406282589999
K05795	24.0323654735114	68.48912158233	-1.30640592238142	0.983974784955256	-1.51089619890191
K12368	117.799330962502	280.464551367124	-1.3026980654341	0.983608469868665	-1.25148709098421
K05290	0.982807390431405	6.15835749488784	-1.302344942515	0.983576569595668	-2.64756500727548
K10268	1.93881961943319	34.6669030964525	-1.29651882535693	0.983120570313092	-4.16030846998939
K13923	14.4268795128216	48.5556822673929	-1.29605207654863	0.983089936711282	-1.75088085473974
K05311	49.1730235849226	159.213542044973	-1.29238270233835	0.982884143529403	-1.69502407833974
K10820	111.90402720358	255.326054699632	-1.2898904516637	0.982771778294808	-1.19007880782702
K02926	1233.61221535485	2388.41115858884	-1.28924354006507	0.982746340527886	-0.953162257921514
K02878	692.459878890245	977.866291896849	-1.28722955000094	0.982672322338398	-0.49790672854666
K02431	35.5839286826578	86.2029434309062	-1.28555058649827	0.982617434027054	-1.2765113297769
K03642	623.355290895098	1024.17585657409	-1.28510687069044	0.98260403464558	-0.716336866283158
K01054	61.2198134521301	133.804070105113	-1.2849383404283	0.9825989546637	-1.12805144728414
K05362	35.4561727843337	400.557178536424	-1.28209064633866	0.98251750476911	-3.49789947630361
K26210	2.58141953549726	45.8496740558293	-1.26842662384188	0.982123301871992	-4.15067494359137
K05847	27.5237251355632	73.314278309898	-1.2675877217787	0.982093949667296	-1.41341845604027
K02315	53.6292854814493	116.667778390735	-1.26356987537389	0.981942039069806	-1.12131323164649
K10104	4.84821941414986	41.7542589978814	-1.26085913241967	0.981826551188169	-3.10639646523953
K12556	6.71302131131167	98.9119388243047	-1.25960898839961	0.981769266015164	-3.88111053947532
K18195	5.07415180816912	19.801374847567	-1.25858934303384	0.981719963499454	-1.96436201525215
K25314	50.8655013086125	108.592291314559	-1.25855125080752	0.981718117006865	-1.09416228474152
K23007	2.12596043780691	10.8053254208328	-1.25835807746184	0.981708760310855	-2.34555586709039
K21304	12.2538709772998	41.069853914524	-1.25374583215147	0.981458841194986	-1.74484224948716
K26265	26.2523378476545	83.1032520330241	-1.25269261871976	0.98139424714718	-1.66245902955449
K00812	177.559048214939	283.481578375572	-1.25207179617356	0.981355504861063	-0.674956106450123
K13017	3.12975083546378	11.7032303268191	-1.13456196439106	0.981124655369281	-1.90278708605545
K05836	2.22953858728509	10.3910955103746	-1.13507857262663	0.981124261028294	-2.22053068829845
K27000	3.31949567814685	11.772900187407	-1.13509303375661	0.981124178256175	-1.82643378528485
K01277	48.5090077035366	101.093045135033	-1.1353858249468	0.981122500980431	-1.0593591747484
K11176	3.48133999623663	12.6028927527854	-1.13594729306064	0.981119277046603	-1.85604029156008
K18967	1.07843523619693	3.97874350235948	-1.13323551088073	0.981117543378732	-1.88337335559136
K03106	877.842067956951	1173.8177993289	-1.13639283973532	0.981115497316386	-0.419175176061381
K12538	42.5935094328564	103.689960963998	-1.24843693299412	0.981106493143476	-1.28357071357755
K25675	79.2789434183815	160.110329947909	-1.13780627437836	0.981092525167957	-1.01405674980013
K18014	10.7086336848951	33.5300449697769	-1.13162309352468	0.981088421030259	-1.64667999974656
K23535	38.8475231808732	81.1538712224657	-1.13815502506424	0.981084263997707	-1.06283729721388
K01449	8.33899903574792	24.5093367095572	-1.13828660318421	0.9810811429942	-1.55538531484196
K23675	126.042267802609	222.717896514584	-1.13042086588822	0.981054904057669	-0.821309873415781
K00532	79.0009944379859	143.1036735742	-1.13986061332444	0.981039169740501	-0.857117988881691
K25995	108.795795995187	195.350748577114	-1.12986929996631	0.981033476517832	-0.844443973752855
K09684	35.8761718666398	78.3165686892538	-1.12953204626835	0.981020404959006	-1.12629159998766
K27188	23.6047716668918	66.6558793172472	-1.12851411544749	0.980974697120994	-1.49765360487826
K27190	29.6719282550777	84.1984679120763	-1.14187984700098	0.980971009326205	-1.50469529742692
K09825	417.207690257006	648.139342497185	-1.24628887742605	0.980943428542679	-0.635538258437925
K23265	143.916269316318	242.070605385758	-1.24599069938459	0.980919439441842	-0.750198209846742
K07712	17.1853424546289	50.5855483745852	-1.17494269029299	0.980904383847817	-1.55754668402205
K06960	13.2732837504286	68.7377245444489	-1.24580241452685	0.980904317597262	-2.37257676322346
K03101	72.802845896067	134.385611127334	-1.17808350303276	0.980902257836685	-0.884311922585555
K00655	29.8176729772602	103.912736808594	-1.14367202942457	0.980901466493709	-1.80113292261535
K03488	80.9315296545288	173.658377408982	-1.14407877524277	0.980884957820041	-1.10147824043947
K02078	118.005651727189	206.390253186009	-1.14421802328453	0.98087929706018	-0.806518883612774
K00337	48.0871519746617	104.534662401503	-1.14454117714166	0.980866142221715	-1.12025801314337
K01373	0.543830210532884	2.08294992323383	-1.18037146649203	0.980864420218572	-1.93739995313168
K09787	19.894087577144	52.1000190706141	-1.14470055483684	0.980859645111466	-1.38894416783293
K02777	506.820906601686	802.156945338386	-1.12645059912195	0.980857803106513	-0.662408496017061
K06196	11.7152983444262	35.2608793053938	-1.18083130517918	0.980853546885855	-1.5896747571255
K00768	66.0560243610181	133.56923605505	-1.12625670768496	0.980845935990991	-1.01582571404278
K08300	136.478939026832	233.814656102982	-1.12621409664916	0.980843329545154	-0.776687028083055
K07058	114.155965476972	216.469890254981	-1.12608368261992	0.980834944379471	-0.923160115325775
K02946	705.876651229981	1014.39200602805	-1.16949453299906	0.980806666940625	-0.523127275233276
K05805	0.677053092580693	4.3918063621854	-1.16878097766654	0.980787267479412	-2.69747357091509
K02338	99.5313650491923	181.583838910131	-1.16858715754855	0.980782014654571	-0.867412672471164
K19051	1.81567361816261	6.97187486004008	-1.18343524110061	0.980764806005619	-1.94104178441846
K03536	143.918334996918	261.468070163955	-1.18365993000657	0.980755514400488	-0.861384377726613
K10026	32.2674186768323	75.0078850994473	-1.14758100799416	0.980744659267618	-1.21696409490536
K02574	1.2576031725021	4.20062004270604	-1.16702438384599	0.980738172816566	-1.73992553396979
K07274	3.76236223504329	14.7923044649221	-1.18423161161351	0.980730878261445	-1.97513616330873
K13940	3.5164008011612	10.7757435049394	-1.18441348030889	0.98072182506321	-1.61561599176193
K26937	1496.94488512152	2420.97296087665	-1.24302953240701	0.980673313228304	-0.693565861517602
K18682	1244.97828068985	1464.37493776646	-1.12365713758415	0.98065151286816	-0.234164413847818
K22278	84.0553374182216	145.208499419408	-1.1510277409627	0.980630372883503	-0.78871456340637
K24950	7.43900049411819	23.4751494936917	-1.16238126678022	0.980614619217303	-1.65795364661543
K03470	44.60920749745	90.8956653995325	-1.1612467593079	0.980592054435536	-1.02686997911131
K11536	4.57205907800238	17.9634146013554	-1.1610677939938	0.980588518165643	-1.97414566228293
K20627	10.7184080615684	35.4916425396873	-1.16106599654288	0.980588482670198	-1.72738869612811
K22457	6.10877031254542	78.6421021129097	-1.18695859158417	0.980583601304911	-3.68634798384462
K03713	9.11826663327322	91.6161542913056	-1.16076908156323	0.980583329887532	-3.32877050336992
K07154	238.014300458207	365.409675887383	-1.15352382634324	0.980575482304604	-0.618466579756987
K18324	103.828731061184	190.443218989427	-1.15400279067188	0.980568603092388	-0.875155203936199
K07657	146.426164489927	288.370424999988	-1.15960407566579	0.980565889203133	-0.977749842838264
K01299	217.493800300349	495.887363583485	-1.15883291701952	0.980558265428867	-1.18903818517259
K19077	3.29417218355306	10.8444232449701	-1.15524085230774	0.980554195259051	-1.71896545548303
K18898	28.7093085008417	67.3435822973729	-1.15635044939269	0.980549142327446	-1.230021884545
K02994	524.878200762923	781.675956663946	-1.24128549365587	0.980519426747778	-0.57458798223611
K08325	39.6785871357463	95.3601406877311	-1.18801781149326	0.980515462559295	-1.26502570870391
K09762	229.943101284254	385.71931562052	-1.24104096708792	0.980497572787924	-0.746274478580704
K01647	158.765244255099	264.666128202539	-1.18835639657901	0.980493447357285	-0.737278448854975
K03072	72.1426382542326	132.710528183711	-1.18948060979891	0.980413665728922	-0.879358738525643
K22226	147.163147641072	255.131076097355	-1.12013115926645	0.980332275645438	-0.793822197053113
K02647	74.9925924682926	138.385501305723	-1.11992395916221	0.980311710316111	-0.883872796366572
K03473	82.0190006644266	157.285950253594	-1.23788517168728	0.980206509925268	-0.939359735327707
K13889	96.572534696481	170.866566296641	-1.11760882533586	0.980078675562816	-0.823185281521036
K02119	84.2073117774718	176.037220871174	-1.2363364191342	0.980060800918355	-1.06386308693559
K00689	45.0931752996344	96.9186409749492	-1.194229202606	0.980033088048361	-1.10386507202533
K07309	10.9089900625125	32.6771520728619	-1.19445173692861	0.980013920848349	-1.58276470772571
K09748	127.816542577861	356.380624314665	-1.19483172104955	0.979981045427684	-1.47934433432214
K03311	569.095201509874	794.64411423704	-1.11640268361725	0.979954299069344	-0.481638871058949
K16963	1.84579813833138	6.1072069812364	-1.11636567118841	0.979950482252968	-1.72626795640373
K03512	0.850536973541518	4.35837066535649	-1.11400649653806	0.979708514418533	-2.35734304072384
K21416	9.43930440026078	70.899729028344	-1.23207748807898	0.979664684928975	-2.90902765987935
K01455	0.656852705910403	2.98111778553351	-1.19858016463936	0.979653885320329	-2.18221157926466
K02881	402.080184902914	622.368033405612	-1.22954723796288	0.979444126055197	-0.630284721524262
K07089	4.45701174785278	18.1766220526236	-1.11091378626359	0.979406057773146	-2.02793544493954
K07720	16.237231941666	42.6131259630654	-1.22890439292223	0.979390639679818	-1.39199217830038
K00929	306.828397956499	475.340467068074	-1.20276575202458	0.979309263572325	-0.631529212453353
K01478	652.207100594734	862.18086178597	-1.10882869757856	0.979218507734923	-0.402660390896797
K01843	110.944441890596	229.920500590619	-1.20499419539278	0.979149629858238	-1.05129771497799
K18331	110.597692206326	208.313289074507	-1.22557774322061	0.979142140317758	-0.913433595362033
K07796	30.4481068199288	68.2731602066036	-1.10740936685895	0.979100927467223	-1.1649660043535
K00602	1433.40604721744	1710.64224616843	-1.22416048985622	0.979051985447941	-0.255090728424273
K01893	737.772812998276	949.588133419441	-1.10675562721202	0.979050582285607	-0.364125279818066
K03429	121.900340705333	209.596192077062	-1.20712776746514	0.979016804604719	-0.781910348148315
K06153	149.434394705009	282.555871574273	-1.20960322817602	0.978897297532018	-0.919023923446697
K06183	22.8791498480395	116.41800562055	-1.22056008435606	0.978874976492658	-2.34720885779547
K00266	142.426670465897	309.391881134712	-1.22026431578216	0.978863933344979	-1.11921601189108
K26043	4.28560287013862	19.8519716004147	-1.10334703109336	0.97881596568474	-2.2117122233968
K09808	12.0794022367808	35.016152018139	-1.21252764139898	0.978806764177761	-1.53547148938562
K10761	3.98491748608972	14.8793020411626	-1.21318823981392	0.978793100508502	-1.90068509764758
K07258	167.892747247252	267.227600954806	-1.21735748805345	0.978790397036936	-0.670529117132176
K24948	35.3769771050848	75.2863776120505	-1.10007488178814	0.97863883303662	-1.08957806814618
K03826	7.19132928500314	20.9862232886915	-1.09934945157976	0.978606441794738	-1.54511218434555
K02040	193.613141108235	299.343520890805	-1.09708215184486	0.978513511593673	-0.628625168315963
K26030	2.59427063348675	8.13888459494793	-1.0969951038163	0.978510416669416	-1.64950210291032
K27612	0.875570749749245	6.53305366913341	-1.09674207534645	0.978501426464946	-2.89946182732249
K24819	0.590658121351316	1.89667106903824	-1.09287182460905	0.9783770289501	-1.68307426925238
K25213	4.96874372023125	16.1389388236989	-1.09221359312669	0.978358425370124	-1.69959268382201
K02876	546.58414065542	788.529570345869	-1.09032167558825	0.978306330621343	-0.528721257856503
K02904	25.4286894221174	58.2419482231409	-1.09014768542877	0.978301613872577	-1.19560150684222
K03588	96.1779874454879	172.506245513458	-1.08972188031524	0.978290081929022	-0.842869952185228
K01734	73.6671405487363	134.554651289857	-1.08843147756849	0.978255237432512	-0.86909911355514
K01505	2.54774968160267	8.64555795018225	-1.08513960375321	0.978161920893252	-1.76273553407319
K14729	6.51574932636639	20.4253065749065	-1.08477484346881	0.978150894082856	-1.64835472601335
K04022	1.18856578401324	4.49432342841074	-1.08374480141614	0.978119125856432	-1.91888219511846
K11754	94.4910938779093	336.231187597929	-1.0834550264788	0.978109784250357	-1.83120328828462
K05979	0.776310098931497	3.25144898841843	-1.08259957234155	0.978082210664227	-2.06637782904059
K16150	1.6656316404099	6.00542185843014	-1.08149619490367	0.978044356085824	-1.85019621391572
K01596	33.1339451313325	74.3980414620593	-1.08126448709343	0.978036426034325	-1.16695465290956
K06206	60.9881621153364	124.161580872626	-1.08103777173961	0.978028285198944	-1.0256176857933
K16201	15.6855277287276	39.927602464523	-1.08037191691196	0.978003651070964	-1.34795237648945
K20742	4.30935590300128	15.0896120770368	-1.07984903595687	0.977984348182552	-1.8080115591913
K15022	54.2562540413014	106.075835999026	-1.07978245146264	0.977981892751871	-0.967234699099898
K15987	325.581510638796	447.220628089718	-1.07818716309614	0.977919057109655	-0.457967961039853
K11927	66.9894024948703	123.154166854129	-1.07762646579455	0.977895526833319	-0.878460652382677
K01739	2.06191610446755	24.8873842932744	-1.0740266897078	0.977734533702074	-3.59335707013217
K07042	113.924044881591	191.268787319672	-1.07180220115886	0.977624310402106	-0.747529187736287
K01035	4.40268528204542	13.2483685241037	-1.07065330813497	0.977565152363683	-1.58935908468772
K00767	20.7802786611198	46.7629549156318	-1.0705506732566	0.977559741501857	-1.17015109481016
K22857	3.14640805419099	10.621342194053	-1.07046783676669	0.977555375848131	-1.75518839811531
K18770	2.61104878072174	8.59694502710189	-1.07034642597877	0.977548979582852	-1.71919467012059
K03800	49.1992818736781	297.940750348864	-1.06868079002551	0.97745991534748	-2.59831629643412
K03574	45.8014012561426	110.832764603105	-1.06843040134363	0.977446365403564	-1.27492079465112
K06920	62.0563782755515	211.022062023013	-1.06731026255835	0.977384794191916	-1.76574243220525
K02916	79.4532349927215	141.791538929723	-1.06647937622937	0.977338728119403	-0.835593579580726
K13015	3.61582448137735	11.2112591386451	-1.06614810718433	0.977320080038928	-1.63255176304336
K04074	27.7713007070684	206.269415322127	-1.06560698815852	0.977289666350333	-2.89286326645463
K05577	31.5772055663308	70.023025964256	-1.06319820028432	0.977152791755126	-1.14894590237033
K07586	3.15212594687544	30.7520692342542	-1.06196101433133	0.97708189355825	-3.28628640364208
K22982	24.0704830030516	56.8611822926857	-1.06108645058011	0.977031600080959	-1.24017900522457
K00796	78.7513631545925	136.987158352279	-1.05766871808175	0.976834157688647	-0.798663855023027
K02907	46.6952867558964	98.1946731069569	-1.05748257455602	0.976823330863008	-1.07236782577461
K06201	242.104675627427	369.723559036877	-1.05633689158645	0.976756729436322	-0.610816034424401
K17898	34.6463883448495	86.125119245891	-1.05509268917405	0.97668402477932	-1.31372910646981
K21285	0.799407724834531	2.47991306644534	-1.05251349252462	0.976529928978385	-1.63328612872121
K27187	9.37253287076746	29.6499683350455	-1.05191060190921	0.976493116838447	-1.66151967866709
K00992	65.6176959384477	140.693571570564	-1.05050523584447	0.976405427891417	-1.10039957000173
K01730	0.910722411467362	4.20916379123352	-1.0493965876887	0.976334152358453	-2.20845035822585
K03412	15.6332244077903	38.4680379628941	-1.04808892612117	0.976246757019858	-1.2990448778147
K00666	45.4218647914019	87.4386964864944	-1.04523162282624	0.976039534228107	-0.944884956842924
K18785	163.268920915951	256.592068611689	-1.0442667208799	0.975963078303902	-0.652226384129292
K03296	145.779760004663	244.134136809721	-1.04298221061901	0.975855948789588	-0.743883608066538
K23753	52.1198269113713	108.637684339497	-1.04285669228568	0.975844977055539	-1.05962043546446
K00611	484.249836097352	647.185410095356	-1.04278127477192	0.975838387254203	-0.418427524035938
K26993	50.8783684435697	139.794040535857	-1.0414519271239	0.97571851544638	-1.45817854703201
K22212	22.6248358232127	156.392867871689	-1.03988446979158	0.975565453568829	-2.78919549314061
K08660	17.9777892390678	43.3997180226578	-1.03861449309699	0.975431342347084	-1.27147004823152
K02426	16.5714505379985	46.3475110003727	-1.03856979016663	0.975426405911542	-1.48379197332988
K05942	10.44153460821	27.5190516415181	-1.03651351542004	0.975189210024987	-1.39809699032784
K22567	1.24041212083734	5.39044361766773	-1.03633113326953	0.97516751013703	-2.11958447882406
K07444	73.1098840212321	177.368381734903	-1.03631714962044	0.975165847006188	-1.27861048478508
K02563	230.431238906267	340.359338227503	-1.0345364192835	0.97493518416967	-0.562722380507783
K16692	68.6576680181868	125.5975627594	-1.03414457264705	0.974881216109856	-0.871315707179277
K02996	832.755279689958	1228.61286857808	-1.03376594354342	0.974829149610713	-0.561065898618467
K01273	35.566452581831	74.4318306735524	-1.03338127021937	0.974776333431749	-1.06540263355885
K23989	27.2657484482499	60.0040423349872	-1.0298939055758	0.974239794487205	-1.13796993689533
K01925	371.831987160371	614.500205790245	-1.02889756058604	0.974074821265262	-0.72476260908886
K21519	0.787236098300629	4.05679198437451	-1.02677831045408	0.973701782097512	-2.36547104763128
K03497	148.126160706956	222.473482628036	-1.0261041245035	0.973580371074884	-0.586806927672196
K18471	20.153741849763	50.9281074996362	-1.02419171614693	0.973220334182521	-1.33741438537178
K19052	4.39801205638392	12.9203763941886	-1.02326852425105	0.973042976911916	-1.55472463478039
K20862	4.31242486173073	14.4511215674311	-1.02203874061003	0.972802022826555	-1.74461024115233
K04564	245.628180955622	689.771428662771	-1.01846691022903	0.972088339147708	-1.48964228069836
K05662	1.49616805089411	6.94931384783732	-1.01603211828424	0.971599744244737	-2.21559830886661
K13896	7.60521399320004	19.1926792927811	-1.01303334660099	0.971008800288435	-1.33549537767734
K01421	573.293334450722	1003.80844084676	-1.01225642222933	0.97085952703011	-0.808138572262812
K15915	17.0544788288791	51.8209978266524	-1.01219772160958	0.970848271511885	-1.603386127222
K02349	0.895582514116954	3.86043059840127	-1.0080733152903	0.970086238343065	-2.10786351135917
K09685	2.76777284992168	24.7403730180261	-1.00650077197643	0.969811733368853	-3.1600698009188
K02919	31.6027681545436	66.5288645884055	-1.00575306810291	0.969683870918459	-1.07392947954247
K07485	1195.70737934577	1726.64408240338	-1.00259892714428	0.969170312802875	-0.530106359284031
K27245	12.9197665116115	31.7559028283284	-1.00217061954713	0.969103550251371	-1.29744478921546
K08152	3.7128021166195	9.81899793238869	-1.00211779598273	0.969095325988293	-1.40306737422952
K10906	1.06473896596313	8.52152672250961	-1.00177589135994	0.969042144804652	-3.00061214871263
K01476	9.92659565372059	25.5642686510388	-1.00003533840743	0.968777611125665	-1.36475782116198
K07738	49.3694259835904	213.383667794632	-0.999717740020767	0.968730659035919	-2.1117599816007
K14983	32.05596663661	183.143129414321	-0.999422615341408	0.968687272036293	-2.51430676112574
K00282	11.841325770857	30.349732321344	-0.999292113715644	0.968668106792346	-1.35785317615231
K03577	4.49034355252583	14.7465696104576	-0.996254140048816	0.968233059835484	-1.71548165589912
K15581	115.629687634194	206.813844661456	-0.995708537355994	0.968156802488495	-0.838820912922814
K00526	95.3442017098127	211.594214470667	-0.995495137877633	0.968127257294763	-1.15008307116311
K03685	154.147314081393	228.126416514432	-0.992451985417426	0.967713217010313	-0.565523765468133
K02429	192.754728178067	310.576798084848	-0.992064465110567	0.967661359306539	-0.688183806768715
K01999	73.3476818032125	159.248573720014	-0.992039341312975	0.967658000789551	-1.11845717680853
K00748	13.6872752898277	37.3569397161821	-0.991692568827808	0.967611688547206	-1.44854099464938
K10126	1.85007917845381	6.21635181185644	-0.991005521998723	0.967520209741418	-1.74848113922227
K02236	0.852070545530777	3.18732203530894	-0.988407656269374	0.967177366980049	-1.90330000543606
K13772	2.96729741415019	8.22516230686444	-0.987936042381139	0.96711538869329	-1.47089461145587
K08307	26.1738195062695	58.0516512092309	-0.987314655210887	0.967033938763841	-1.14921263332092
K11357	0.921141911502236	2.78297362181141	-0.98650559448408	0.966928107166086	-1.59513189352295
K12527	276.886763503485	413.153770582874	-0.986270904036058	0.966897444945062	-0.577382746644093
K02170	5.9210136933463	19.0404158084329	-0.985548517236618	0.966803300066042	-1.68514888950107
K23876	401.470259974996	611.211821122878	-0.984707209968335	0.966693568620889	-0.606379325984177
K07658	28.0827386556361	69.5585915077695	-0.982000346634012	0.966342356564416	-1.30854508429322
K25307	289.814501606859	463.222215942226	-0.981499193470389	0.966277653866496	-0.676574660409984
K13746	6.97443663646278	18.7988775867861	-0.981303919197338	0.966252488753438	-1.43049793399226
K05595	4.69315190247938	13.4138169314918	-0.981190722052329	0.966237912828299	-1.5150907560402
K12555	262.755045513209	1248.05889283755	-0.9811668117741	0.966234835113716	-2.24789564035139
K10974	19.9534042274508	44.1737634354664	-0.980461146056318	0.966143999794932	-1.14655484571063
K03183	38.0551280642351	73.5059040664894	-0.978513568491098	0.965895168267787	-0.949769258156295
K15652	0.944165571604887	3.54473001058002	-0.977468865768279	0.965763116542911	-1.90856396466312
K01753	5.52319962830996	15.3888216809359	-0.975187595057805	0.965479144127204	-1.47830659136388
K11751	75.611234541321	136.926464961979	-0.975102452385576	0.965468735198348	-0.856728800302273
K11752	100.291802835162	167.593715074717	-0.972958562602406	0.965209994673512	-0.740764352841704
K12266	1.45498720102299	4.93036641504568	-0.971004049748296	0.96498204875927	-1.76068840647745
K02203	2.77294651233027	7.65064933904678	-0.907165396983675	0.964852688234172	-1.46416241154971
K00693	93.4536999775341	147.870927396137	-0.906978592208968	0.964852354305975	-0.662014746206222
K03168	492.088719723523	629.997526222944	-0.90652535930971	0.964851545539427	-0.356427718094388
K07584	23.9027106655103	55.3167274743755	-0.905918576774511	0.964850465916925	-1.21054157446306
K08303	948.730848966808	1220.73414681391	-0.905596902140913	0.964848877783184	-0.363678278628444
K07768	110.671756255823	189.91645919837	-0.905188369141568	0.964845083641159	-0.779077853492808
K05896	17.756315543318	62.6761632876483	-0.90489494504736	0.964842363776998	-1.81958461634476
K01992	6.11509847739367	14.6641177670388	-0.903861028356765	0.964828947995421	-1.26184264009512
K00226	2.85166153184646	23.8577479511081	-0.910100284921153	0.964827185324092	-3.06458320512502
K14059	2.21853789388722	7.11711652852671	-0.96960477664988	0.964825230039077	-1.68168366198325
K14742	21.6372419497551	42.4746549595112	-0.90354740725463	0.964823187990822	-0.97308561399087
K21400	14.782949931822	38.5333770870329	-0.911019679090848	0.964811604117009	-1.38217444271262
K19635	0.509264389623442	1.4385346447478	-0.911237875429848	0.964807894670926	-1.49811322119711
K20429	141.648698587302	219.935591976333	-0.902555946702	0.964802272901693	-0.634763746248604
K12529	1.43643138927491	4.34732195251168	-0.969162813776313	0.964777244745176	-1.59763785758858
K10834	1.26072571852909	4.35791802621827	-0.901598151326453	0.964775263418711	-1.78938461979239
K24831	3.98969189884788	10.9663408814363	-0.913006251595811	0.964770561679089	-1.45873297991174
K03688	11.5073173568321	32.5403940840745	-0.913719620055386	0.964752260320276	-1.49968017862572
K02045	1.29229233465265	3.50596765190628	-0.900890570097007	0.964750378629815	-1.43988022021132
K10040	8.77016360006629	29.2293242420553	-0.914049210401433	0.964743780300682	-1.7367408153034
K03616	119.449014711181	178.30253819118	-0.914562724837713	0.964730064290207	-0.577932286705594
K00556	4.07638533180052	10.7077160481786	-0.914642001465995	0.964727730328239	-1.39328844871773
K03740	0.99289133478425	3.16299646414778	-0.91476053655194	0.964724238657081	-1.67158420476728
K02000	6.96381643732004	30.1231249954961	-0.899937996080542	0.964714067993821	-2.11292136414411
K00121	18.0369467174788	81.1016453305521	-0.899782124188338	0.96470623161453	-2.16877604228535
K13714	3.17322450390008	8.35331559666655	-0.899123911591882	0.964672909074563	-1.39639935079006
K17998	240.735547396914	350.715520911602	-0.916504444569949	0.964670815023291	-0.542852090251955
K27271	236.668191699932	329.545424215156	-0.899064322057175	0.964669898177609	-0.477611518288474
K15515	2.43999168206339	10.3319076278848	-0.898260558398028	0.964626800779168	-2.08215851549492
K07704	47.6615342566975	94.8914375402704	-0.918790858760567	0.964591962297717	-0.993452518988569
K10118	415.852677972599	521.349600458693	-0.897649605976324	0.96458903077823	-0.326178599822717
K09812	315.02102665772	457.036090262741	-0.918967381333486	0.964585229131635	-0.536859966323145
K21469	85.6176006986171	298.898045517926	-0.919213867898931	0.96457581624325	-1.80367415141548
K05245	1.01950102627199	3.03684410810116	-0.919236844850707	0.964574938136321	-1.57470962415904
K12113	2.47299188920282	7.15873643231377	-0.920733808806647	0.964516498953307	-1.53344745601148
K08693	38.6102112129138	74.6971967795128	-0.9660432821294	0.964454319397074	-0.952071656472345
K03610	7.94446877372528	20.9289713815135	-0.922900482353429	0.964425777922175	-1.39747874907342
K10010	44.7612100226802	105.86250145251	-0.965345424345681	0.964386500900539	-1.24187070720362
K23994	3.09174458783149	7.8672114527233	-0.89488389245851	0.964382476394166	-1.34743121880248
K15889	0.675462459709868	4.4904088128277	-0.924176029669144	0.964369052727326	-2.73289929984496
K18330	15.7301744791395	40.9620522542507	-0.964992733716068	0.964353254843419	-1.38075332490277
K07315	4.54098881134583	11.8821944637991	-0.89450766636739	0.964349786507872	-1.38772291777881
K07533	53.9740403314493	129.632038607953	-0.92502310398553	0.964330323402815	-1.26408473272328
K21472	1.67468446417699	4.77325985644703	-0.964206377313403	0.964281207757307	-1.51108558324051
K02341	10.0907731769386	21.1253600344203	-0.893729566111606	0.964277426973846	-1.06593920800398
K07023	6.15386412166507	14.0319607285774	-0.893276376569023	0.964232736390504	-1.18915212102114
K00962	2501.27339128441	2953.44363755234	-0.893236338486097	0.964228793319588	-0.239735326436171
K01933	125.632601152706	185.777607042062	-0.963342249148029	0.964204552492323	-0.564365728630585
K01652	207.574747208965	359.840058912999	-0.962828825622058	0.964160759560955	-0.793724861102441
K01482	1.97708675742642	5.71256889026617	-0.929104542795277	0.96413396050204	-1.53076347833953
K17997	387.617949131666	520.366378326214	-0.962314790061891	0.964117038414175	-0.424892372226987
K18367	27.7234045189928	54.855761594065	-0.962105872503	0.964100418656509	-0.984538721579466
K06408	13.7817285815117	31.1236402994572	-0.929941990890122	0.964092409432936	-1.17525396116782
K00601	4.65277055534476	12.2787165258234	-0.930443701269206	0.964067444407785	-1.39999781649253
K00111	341.109319539008	570.910994347396	-0.930932155819048	0.964043218174566	-0.743031673626359
K13694	43.2824782628581	90.6890856009465	-0.961342349142136	0.964040674346617	-1.0671458261819
K00014	12.3801164735315	27.7004669479058	-0.891426437284805	0.96403405521604	-1.16188540839521
K06894	123.090717860276	194.141845938817	-0.932290146576577	0.963975948121889	-0.657389140726753
K09167	1.33236533678487	3.97642213613709	-0.932583149266193	0.963961549364681	-1.57748119520478
K15871	17.7225432341833	54.6481247388677	-0.932899910669408	0.96394595641893	-1.62458634088798
K01197	1361.58878905705	1799.63288069413	-0.933051087532368	0.963938504786896	-0.402411567996073
K01256	82.1653131515851	210.40138289851	-0.959930364191292	0.963936437783652	-1.35654280655825
K25180	2.31720864183234	6.47131566841073	-0.890605151112891	0.963935560545936	-1.48167110253155
K18013	18.8196591025646	42.6259647813661	-0.959469154879972	0.963903606134016	-1.17949199249919
K23361	0.554239284175545	1.71822045213724	-0.958546469867065	0.963844460258938	-1.63233427287786
K00793	6.38893268927166	15.9731453905917	-0.889841975631755	0.963842337364194	-1.32200158722789
K02600	1220.36444440872	1536.98954930267	-0.9351672421368	0.963837832612541	-0.332795303117803
K00797	82.905006745224	148.66809122457	-0.958288788004169	0.963828185360633	-0.842563897826268
K07037	43.4069918738231	86.5117087086048	-0.935736054260407	0.963811731032252	-0.994967957309221
K03762	7.61855192454536	24.5368371503309	-0.957589612381835	0.963786590417928	-1.68736058200713
K00710	0.85799215254941	3.37029727072601	-0.957120243159418	0.963760491947849	-1.97383948963828
K07788	20.0646882307928	42.0474991288061	-0.956935108700193	0.963750216574079	-1.06736125604136
K00627	19.384219566603	100.992393469577	-0.889122447380542	0.963747265492654	-2.38129207974434
K07139	148.499950074926	213.450597469765	-0.955903470349718	0.963697580851734	-0.523439754842255
K00179	63.8155419596425	108.654256209767	-0.939027461826327	0.963673666426921	-0.767764955807655
K11145	9.60757173155459	24.517567096758	-0.939056492932756	0.963672517542572	-1.35157207821179
K19001	1.40980767866033	11.502496343048	-0.954896801626715	0.963651032970334	-3.02837672433614
K22934	5.74396271647229	17.9476322874114	-0.939732732527186	0.963648564735103	-1.64367524146857
K02226	2.48303587251564	7.71834185073671	-0.940777310413973	0.963612989692856	-1.63618583892593
K22606	1.45148292737132	8.30676147681676	-0.953374847426494	0.963593791629936	-2.51675852618256
K07263	131.504799825457	202.173896013382	-0.887973789191955	0.963591365870242	-0.62048127577237
K24298	0.850191376145297	2.60246910988875	-0.887970157991161	0.963590848091063	-1.6140215092086
K01133	2.36062958146617	6.36482584586192	-0.941861039878759	0.96358070360367	-1.43094936107238
K14260	108.817369063272	255.636992399873	-0.942109863057129	0.963574019491868	-1.23218776600138
K19701	8.68882943559681	19.5908315261434	-0.887829870641739	0.963570851906887	-1.17294489911549
K01991	6.68849922136153	19.2325329766594	-0.942592246857774	0.963562385938084	-1.52379434449871
K01588	73.3493932738556	123.434754551597	-0.942594767530835	0.963562325064838	-0.750891722482298
K01448	526.083970268744	726.627247322296	-0.943203573682204	0.963547597387271	-0.465922373495973
K09021	12.8088290061296	33.5927696330892	-0.951547061031362	0.963543011888711	-1.39101215746438
K14051	3.61293695382274	11.333994841669	-0.944608228581205	0.963521316170474	-1.64941246605693
K08220	1.0403855870298	3.89280350789012	-0.950137334985246	0.963516944674789	-1.90369120726131
K19108	72.4352185990961	134.022986873978	-0.949842493434621	0.963512995891838	-0.887717241701616
K18209	30.7839101686549	63.187522241646	-0.949098398527526	0.96350410654063	-1.03746320057608
K04024	41.5471723576832	78.6836663964732	-0.948991142374617	0.963503531184378	-0.921313891426393
K11637	2.20104776011322	6.05434293312797	-0.946149698962512	0.963503435663931	-1.4597799450036
K00150	2.38361963633986	8.14912092915743	-0.946512668685413	0.963501005747724	-1.77349040218334
K03585	41.4665051361829	82.6948121010633	-0.948268815316929	0.963499665383873	-0.995850364359285
K01997	87.6055969831074	151.911904506497	-0.946981444623041	0.963499548801919	-0.794139981013913
K13252	1.86041456137921	8.76148150434338	-0.947685380589231	0.963497353783848	-2.23555070301956
K11358	153.171967098979	238.336636221676	-0.886920208227037	0.963441551028388	-0.637848448961373
K10540	884.83489702198	1156.29908835935	-0.886620575825191	0.963396891070284	-0.386034423367177
K00972	2.16553704197651	6.77154900505772	-0.885683709400816	0.963256730577982	-1.64476104063479
K00566	683.170050354568	945.682096989789	-0.885669971119104	0.963254680404511	-0.469110555146077
K11066	4.21610463889218	12.46481945278	-0.885567081381193	0.963239330816025	-1.56387940762964
K10211	1.4722032453918	4.27584157342186	-0.885281098111329	0.963195515747903	-1.53823154318068
K00058	303.269124153542	417.776150046791	-0.883188883765704	0.962865049140719	-0.462131509783764
K16922	1.14465610420874	3.83190955480793	-0.882635988632207	0.96277648967722	-1.74314928327673
K07715	75.4999966982784	127.016522194048	-0.881232382477382	0.962547891296548	-0.750467687207759
K19421	50.7649105559208	86.9241560985821	-0.880333074270755	0.962400582719159	-0.775925525945641
K03783	22.9426969208643	53.7535072711926	-0.880198979033143	0.962378633029	-1.2283238991743
K02357	1550.85662629824	1915.38480601473	-0.880077154027205	0.962358705075548	-0.304568944458179
K00857	56.4159302086095	96.6283961649144	-0.878696250694365	0.962133653842972	-0.776344620800463
K04107	2.92798776851653	7.46542176598004	-0.878414561635966	0.962087938981376	-1.35031424219963
K01695	17.173460733278	50.3841007856844	-0.878151504145644	0.962045365978378	-1.55278775319071
K04088	16.2255621607821	33.599323327946	-0.878079428374452	0.962033826781665	-1.05016371461711
K00364	47.3774097893457	175.795278909757	-0.8756828533437	0.961656138434857	-1.89162509550013
K17999	69.0476289340405	119.46190996348	-0.873506511234675	0.961331744694067	-0.79088691404527
K02952	472.819260354674	651.425217746305	-0.872885169775637	0.961243782560396	-0.462310764838722
K05967	1.08113681868743	3.55287283704255	-0.872157939497962	0.961142704307729	-1.71643694446635
K03388	74.2907635527273	124.999571405187	-0.872093399311442	0.961134051945256	-0.750668389078996
K11537	69.7899317466252	121.327083689909	-0.871712775028202	0.961083082265705	-0.797810811404719
K25137	28.1675154475689	56.0183615366517	-0.871559158577825	0.96106253914786	-0.991867472570857
K07816	235.196270895841	339.587642075727	-0.871115358974924	0.961003279364817	-0.529918772758783
K17716	48.5445460636521	86.5811954653688	-0.870385204424899	0.96091052662919	-0.834744501373893
K05020	5.51758073909348	22.5014752443217	-0.869080037129623	0.960751541518666	-2.02791184986617
K01598	2.01735234203757	10.1406217073885	-0.868207300686523	0.960650782600221	-2.32961111872714
K04072	1039.59711403183	1436.80093896241	-0.867929486011098	0.960619633645642	-0.466835664064036
K21900	22.8147987136134	44.3661091102032	-0.866926154023073	0.960512482356462	-0.959488109451106
K05364	78.2826419324345	122.312901489012	-0.866768491393238	0.960495693253201	-0.643812235580282
K01580	366.797875239435	565.279328397794	-0.862656177571783	0.960122397423903	-0.623978658475717
K01945	647.111730557065	767.079190562747	-0.862583800870055	0.960116525004435	-0.245360694189788
K02933	1018.40457554311	1389.83797178483	-0.862007944585673	0.960071285331919	-0.448605896240501
K15460	2.91573615383631	7.527540174947	-0.861753709509783	0.960052314047409	-1.36831832721939
K01959	9.97730349120506	21.6112484099211	-0.860894617106319	0.959988380632409	-1.11506054988626
K06177	22.833927675395	44.5066005967335	-0.860337654522516	0.959949233653185	-0.96284027269559
K23242	61.783031782668	98.4466489805207	-0.859694871686848	0.959904800434943	-0.672131431320627
K04651	3.14426447551872	8.27511310841211	-0.859465774625659	0.959888997036264	-1.39605645851031
K12252	4.40318722652301	10.7496462064261	-0.859058094986948	0.959862106555386	-1.28766908338498
K23545	29.7626237204372	64.5939482611569	-0.858624744901548	0.959834181215604	-1.11789729401855
K03741	21.4146992019601	42.2109972039432	-0.85796447116359	0.959791744027142	-0.979017499520241
K10556	1.08695940785864	2.82287276703161	-0.856851330714049	0.959722984300653	-1.37686604047393
K00208	87.8414874074269	136.390257369568	-0.856436774373176	0.959697541216869	-0.634766204821117
K13797	108.408916562538	177.748167970665	-0.856344280170896	0.959691994150368	-0.713351267938052
K01358	369.488937925724	536.640140835054	-0.854291882444186	0.959569537820901	-0.538423800247678
K11184	13.1348817008833	28.0001450342799	-0.852879325384423	0.959485032579412	-1.09203109309785
K07710	24.8111139742657	50.2675021715496	-0.851661677044083	0.95941062031299	-1.01863949116721
K01775	437.734357520386	573.226849357751	-0.851478658584775	0.959399135717785	-0.389050560805713
K06374	61.3176748443936	102.01439954868	-0.850406697981984	0.959331217813075	-0.73439790963195
K24847	590.466320775961	743.648313504515	-0.850288408336964	0.95932339844077	-0.332765729599768
K01186	59.7410766385532	106.51501765317	-0.847200881505382	0.95910784480686	-0.834261708850972
K02956	347.778724099532	446.382102484085	-0.847002090482866	0.959092716468299	-0.360109507785732
K06606	0.647413222948198	2.05662651830003	-0.846884101925065	0.959083743732198	-1.6675210884384
K21816	26.0227198735086	48.5825099748816	-0.846478025331569	0.959052898975966	-0.900665268287662
K14487	18.8715938744297	38.3507559284722	-0.845794622964608	0.958997943434913	-1.02303873829841
K00610	122.829372781389	194.253465750264	-0.844093105873752	0.958852890737303	-0.66128473793469
K16122	11.3323171810301	26.4607028656908	-0.84381297096314	0.958827868795606	-1.22340849680326
K01190	4481.68374927938	5399.13432562815	-0.843402455262628	0.95879125696003	-0.268687261757692
K16961	1.61339699562073	9.28979156758899	-0.842899490960594	0.958742586471969	-2.52554475309317
K01159	43.6654250738034	73.7789046276149	-0.842896351609378	0.95874228215054	-0.756716985363007
K01878	87.6905624406414	138.747419861244	-0.842760189192178	0.958729086903683	-0.661967455096718
K01935	14.0451174906855	30.0552054841996	-0.842740051379268	0.958727136052872	-1.09754619064822
K07799	5.53463895509032	13.1897012922419	-0.841255520557652	0.9585780959646	-1.25285077930888
K08986	0.568194906853279	4.43231385530317	-0.840507031519036	0.958499918139517	-2.96360223850161
K01023	89.0766883724031	141.50428791665	-0.840386714854758	0.958486435094919	-0.667725942032015
K01615	32.0855292475053	59.3475366156716	-0.838221243422271	0.958234169487886	-0.887265367518887
K01633	8.27585245895855	18.7410179711349	-0.837577942682497	0.958156129005664	-1.17921948884496
K06381	9.27401307114662	20.467978549725	-0.837237122301493	0.958111598780909	-1.14210296131297
K19068	32.5847980741895	59.1530254228838	-0.837064193188352	0.95808902895893	-0.860252903402131
K01126	335.915516577593	461.888638921541	-0.83619903777979	0.957976359279889	-0.459446622698471
K26930	20.9816121703288	45.3930330649363	-0.836186922403369	0.957974784392064	-1.1133453543203
K17879	1.23126847612453	3.6053963347573	-0.835406042184547	0.957866796811534	-1.55001248759066
K09925	7.41261883888758	18.4893226941224	-0.835331188880563	0.957856418831874	-1.3186371423133
K06969	112.924558004146	165.452078187402	-0.833582046865712	0.957605197524141	-0.551054146005645
K18855	1.38031005661845	3.47704161426938	-0.83268679361496	0.957469352070372	-1.3328679603185
K25038	2.37729771570004	7.57721414303057	-0.83242278485679	0.957428440015797	-1.67234493375103
K11991	20.8298348109221	39.8221774687975	-0.831704788957588	0.957316769436976	-0.934920711230707
K00060	83.577952634692	138.237669589129	-0.831456577671452	0.957276529621729	-0.725956478602123
K02745	468.999348825806	788.983951548918	-0.83057657638309	0.957134187902427	-0.750410035517188
K10762	1.3475014256874	3.53840769953931	-0.829942826863273	0.957028920048591	-1.3928134872594
K06351	3.84137939907485	9.36548121702717	-0.829458608532119	0.956947232701602	-1.28572866426043
K05910	0.646458108669398	1.69955578280996	-0.829226133517551	0.956908070132469	-1.39452892513255
K04765	9.88888338625555	21.1477454399011	-0.828724727678455	0.95682262563113	-1.09662433404153
K01751	246.693257932932	361.294841949954	-0.826808035678274	0.956485092686767	-0.550458370514546
K05575	10.0700774264154	23.4971896666497	-0.826619248164689	0.956451255961559	-1.22241344059196
K02120	85.0183060762	133.089182654801	-0.825700556130994	0.956285436618759	-0.64654789552183
K10003	0.855936264335297	2.79490104282534	-0.823305814243512	0.955842687029062	-1.70722192524483
K06403	2.35090306878517	7.12553179262964	-0.822788101173217	0.955745762376874	-1.59978263362284
K05970	19.245262871156	41.9208738192881	-0.82211795743203	0.955619807567308	-1.12316541236979
K20074	68.6475536090153	194.537285791353	-0.820325377047818	0.955282454221682	-1.50276648127625
K03608	4.51179201179238	11.2755819931831	-0.820223061822562	0.955263224937506	-1.32142943275232
K16092	120.222427438976	189.437323360192	-0.819784175200996	0.955180729841925	-0.656014546519884
K10844	10.5580122756053	24.8090670776084	-0.819516297774248	0.95513043809076	-1.23252923649921
K19973	1.27140673061885	4.34795881203184	-0.819179810456844	0.955067334895242	-1.77391264290616
K04026	3.07463293991159	7.90927602444605	-0.818930303345092	0.955020593427961	-1.36313145674168
K14056	21.4983499719109	42.3193581278963	-0.818406077390433	0.954922890785604	-0.977091810546914
K03735	96.6549378338786	153.369769456397	-0.818387322920284	0.954919406520209	-0.666098800120325
K03210	41.097072004432	79.5224184664754	-0.817656303476456	0.954783778047236	-0.952326021822715
K01132	34.6364194284804	69.2561219453671	-0.816360113771998	0.954546239054715	-0.999651807023852
K00721	297.545094580442	408.50581268364	-0.815807663234539	0.954445776538317	-0.457248273531189
K03825	1.39430430615337	3.42282857025023	-0.815618401226905	0.954411993142363	-1.29564357490402
K25985	0.599330955340623	1.48668380810932	-0.814869911110133	0.954278605795772	-1.31067304787734
K13890	80.5469788885089	124.786157222005	-0.814087418499237	0.954140968323934	-0.631555518777667
K07775	222.967738843848	309.350977230053	-0.814076123599944	0.954139017864539	-0.472409609389535
K01912	58.5183181531199	96.1693905768517	-0.813158652217011	0.953980837706163	-0.716689470368645
K25678	36.5089697771302	65.6037345299924	-0.812848245833648	0.953927875110819	-0.845526984544486
K10532	1.31363499387266	3.61617180001143	-0.812677348701524	0.953899350462675	-1.46089875546427
K00652	26.0920909847797	49.4223827504718	-0.811206226229784	0.953656400260349	-0.921552003102638
K02478	9.97330594080409	20.477947488695	-0.810861107086192	0.953601484788043	-1.03792740876751
K16202	22.677991284368	42.3019754287474	-0.810834667958598	0.953597280402899	-0.899432177842537
K02419	5.83708396497398	13.2810906030794	-0.809490598570075	0.953387669708066	-1.18605389502744
K20140	3.53974680435177	8.58549253352123	-0.809410271801542	0.953375489636327	-1.27825473227894
K06212	3.09228541872457	8.5176563866704	-0.808575679238312	0.953249211393601	-1.46178304434412
K07127	1.40356826874126	3.90371249312036	-0.808283844386269	0.953207252159757	-1.47574756549312
K21417	0.864118262270896	2.43066372728518	-0.807964598546243	0.953161397454266	-1.49204963935434
K18221	4.91014555550174	30.5110225976802	-0.807532489251143	0.95309940743867	-2.63549283634505
K03798	2260.21288829219	2722.5038787737	-0.807488914540088	0.953093161080601	-0.268475438617114
K00561	610.794552707592	1912.88654226878	-0.807231920856584	0.953056339471565	-1.64699220582211
K19820	0.905819995899398	2.38698985930037	-0.80713380520699	0.953042314767296	-1.39789614517822
K06867	2.03147254375401	9.58826698691476	-0.80583825021645	0.952867809002822	-2.2387442155916
K00336	11.417434284283	25.4921701426329	-0.804149753496458	0.952653602636747	-1.15881570891705
K02669	32.0933411637446	57.4090884370362	-0.803995784322809	0.952635449101088	-0.839005155047433
K16138	0.774514601762944	2.00506276266156	-0.803832019018807	0.952616150100619	-1.37228305354783
K02838	149.97008725757	230.214773809053	-0.803643841929349	0.952593986408306	-0.618305647727858
K02477	19.6181822928044	38.3019613015346	-0.802011337827107	0.952408142589149	-0.965226893130671
K21929	11.029115385062	21.9788683269983	-0.800707212795271	0.952270054999205	-0.994800024096405
K16053	121.945458242439	194.438822206804	-0.800076982156308	0.95220585246345	-0.673080273135417
K21531	12.5160988275561	32.3230260658466	-0.799423066245124	0.952142848942076	-1.36877731350737
K23349	1.12744056144359	2.8049218762373	-0.798519205175482	0.952057930967464	-1.31490921215292
K19014	0.672294502257803	1.60607633547675	-0.796874231738091	0.951914061466507	-1.25637520760812
K00951	8.10427356795078	18.830982666291	-0.796803016480834	0.951908272541057	-1.21635350706687
K00162	2.40264558596478	13.817497802311	-0.795091620655971	0.95177182003198	-2.52380062563126
K03824	2.26731004351636	5.82805003074916	-0.79498596731774	0.951763822238225	-1.36203157620291
K05964	0.624219820428151	1.49423540031811	-0.793417551292023	0.951648188842521	-1.25928137472119
K08740	0.949950756293599	2.47753556194258	-0.793126869947926	0.951627512623005	-1.38298113182653
K01205	1173.78249219968	1645.66888165087	-0.793026362547218	0.951620367410832	-0.487508991585006
K22604	6.59685646132442	16.8786624024862	-0.792961031061947	0.951615723977443	-1.35534995883627
K07248	4.03032615900055	11.4168101335778	-0.792092427328538	0.951556359957996	-1.50219111636088
K18660	0.87547574834938	2.16010838683772	-0.79043746566384	0.951448302025766	-1.30296458362906
K12452	13.1995569572256	28.6847700422971	-0.790231485588413	0.951435197920759	-1.11979544598129
K05352	2.1765676769536	5.40076961562961	-0.789833108275891	0.951409874523244	-1.31111012840107
K19630	0.731111801516066	2.40146981757544	-0.789004272768422	0.951359167335745	-1.71575373155879
K08974	69.2999495130816	106.946666535556	-0.788888402663664	0.951352121869052	-0.625965308818733
K23424	11.6594437916225	24.1165927679285	-0.788671621041409	0.951338946334413	-1.04852712821633
K09759	21.969028070027	46.3994087625347	-0.788496775876761	0.951328325155322	-1.07863537712632
K02854	9.64525581013553	20.7274841731686	-0.788177600887582	0.951309141258661	-1.10365361113142
K08083	1.14733949569915	3.04953087179398	-0.787985151769992	0.951297801548287	-1.41029497563902
K13607	44.2432024767281	74.8017159182798	-0.787535399020763	0.951271323017834	-0.757615548646441
K04801	2.6768286228894	7.70005567144697	-0.787503639105874	0.951269454380546	-1.52434409946591
K06204	2.59293967332138	6.16914735884165	-0.787241731527199	0.951254050629537	-1.25048246629521
K25763	92.5509979267584	164.148564379254	-0.78689620326069	0.951233745015365	-0.826681681270448
K13048	82.7710762874313	136.802960040648	-0.786754229688097	0.951225508897119	-0.724900824249036
K24727	0.765269844368423	1.74670309926337	-0.785799253616287	0.951170665526594	-1.19059394680646
K00867	8.21268337680615	39.8610087973455	-0.785764646982683	0.951168680643993	-2.27905263807492
K03529	120.660170483135	211.983381223526	-0.78538305193155	0.951146809660521	-0.813001640943965
K06895	3.17499560594915	7.59766243777994	-0.784817412291993	0.951114869271676	-1.25880101958988
K13292	199.028847217862	379.648966108013	-0.784272998275924	0.951084170873499	-0.931688529331845
K01430	1.67204854695387	3.88071860657937	-0.784254310376094	0.951083117855991	-1.21470709032812
K07282	49.8854974814814	81.1928820002775	-0.784225595612217	0.951081499946786	-0.702732793278319
K01390	0.937149703767843	2.53316838823496	-0.784073311149708	0.951072921582808	-1.43459154817604
K02372	5.51966187114987	21.8392338899314	-0.783549952636628	0.9510435714494	-1.98427045128304
K05853	1.11365752769682	2.79012943146394	-0.783266684880635	0.95102772181165	-1.32502640600336
K01487	159.52487968921	224.600300707671	-0.783200986666202	0.951024047420889	-0.493578413336523
K07056	310.518732980496	390.289358380706	-0.7823862436878	0.950978514217814	-0.329863820821185
K01241	32.5002093945621	56.5338530786594	-0.782254855233228	0.950971161602373	-0.79866601431466
K00003	80.3135417727216	118.807574221721	-0.781978140595929	0.950955684223585	-0.564911645691805
K18139	81.703362842376	127.314123754234	-0.780002045419837	0.950845036326361	-0.639925110494477
K17318	20.9789830889847	39.6209490840137	-0.779991522221541	0.950844446471779	-0.917318691021108
K07708	7.85799382911315	16.8380489624447	-0.779299977406182	0.95080548658553	-1.09949204195493
K11068	216.964828036551	292.78980207549	-0.777879406829076	0.950724732891774	-0.432404117461154
K11625	0.505007089084921	1.69468704938684	-0.77755605553016	0.950706118618384	-1.74664333654372
K00331	31.3173683144705	57.6391779478641	-0.776287004626337	0.950632680376864	-0.880086775841014
K07717	2.49100580225848	5.81800805212985	-0.775432013322785	0.950582568529861	-1.22379691110292
K03609	86.0833388422741	127.55010661844	-0.77517204929616	0.950567252687681	-0.567258164186746
K17450	4.5517792602105	9.72184448299745	-0.775071967517042	0.950561247662464	-1.09479946056735
K09607	51.6030678473139	106.070848844875	-0.774613831985607	0.950533776744833	-1.0394994760904
K04061	0.698598327515187	1.63246211929861	-0.774598193561207	0.950532839541064	-1.22451442098195
K00907	2.27911978082358	5.20575609074242	-0.774155444250184	0.950506319840251	-1.19163096913601
K23269	400.86310557455	527.392897534975	-0.773977830688507	0.950495688813802	-0.395768500782323
K03457	4.30477874725323	15.2219557632372	-0.773446408813501	0.950463279748821	-1.82214273817121
K04070	27.4375733191843	54.1946458867862	-0.77301823351527	0.950436916449934	-0.981997438960056
K04019	22.2305821020832	44.5096843159554	-0.77298601100897	0.950434933512717	-1.00157354308215
K00031	259.142919118683	345.412516573336	-0.771920157904846	0.950368618992533	-0.41457238844264
K00891	40.8523009511553	67.4597591417065	-0.771861445209929	0.9503649020731	-0.723609828841495
K19430	259.634301459623	375.03816543205	-0.771853687639691	0.950364411002148	-0.530556420799458
K02759	16.60279261171	54.981660693651	-0.771329496975368	0.95033124852379	-1.7275245581939
K17742	0.972952953817198	3.19423057968586	-0.770673432509348	0.950289287736616	-1.71502650761842
K00383	209.833721115558	691.657151664636	-0.770556394042773	0.950281622036179	-1.72081054047678
K02099	7.30665137747344	16.2229604672762	-0.770260426031244	0.950262245875748	-1.15075483685673
K01142	458.375374488412	637.3199196168	-0.769174150632556	0.95019056921059	-0.475488213696023
K10708	54.0000759441408	108.391983724414	-0.768753028605586	0.950162020808872	-1.00522472282167
K11153	1.53448789680681	3.59690587193606	-0.768683777371246	0.950157328719949	-1.22899913915895
K05576	0.570143331738864	1.85753295376444	-0.768268395382185	0.950129199731755	-1.703991247565
K00294	10.6078154388948	21.9799630698807	-0.768056745630834	0.950114877069669	-1.05106138240134
K26032	301.410659366373	608.513638763158	-0.767659278673705	0.950087079116566	-1.0135591601291
K09650	5.44902101072467	12.7358040743678	-0.767343744817429	0.950064878157566	-1.22482108808398
K07495	0.662553028506359	3.64842697771373	-0.767238670823572	0.950057488549486	-2.46116674616032
