	T1_LoCHO_PROT_mean	T2_LoCHO_FAT_mean	theta	prob	log2FC
K20525	0.603113680676283	64.6115461323558	-2.87721218601793	1	-6.74321822761591
K24846	4.32992770342912	168.534465064824	-3.28271591839635	0.999999999999994	-5.28255690394012
K03462	28.0723028721521	654.247965602708	-2.49032832948756	0.999999999998918	-4.54261820990081
K18221	1.01853875081841	29.7070287139822	-2.10958439121981	0.999944758876652	-4.86623154004697
K07714	609.712295568635	1340.74105745614	-2.09692512030084	0.999928576297459	-1.13683008578181
K03338	9.64638311020627	97.1230515141248	-2.11465461870038	0.999899996834593	-3.33175373681784
K10671	515.726398366722	1076.12990945027	-2.11594112618438	0.999881877802873	-1.06117444984219
K02395	14.8317861836706	134.06583547145	-2.04318180241472	0.994177980621308	-3.17617738005959
K01711	65.63226847313	224.619209293472	-2.03227913470197	0.993434821318746	-1.77500410789226
K00639	415.421514114849	913.399825005364	-1.80657206879546	0.989691362070853	-1.13667057998603
K13560	2.69577061441484	27.4695204561054	-1.79325436481974	0.98947562451358	-3.34906207844557
K03406	28.4369801140717	122.410856925856	-1.79299490429537	0.98946587752159	-2.10589134979812
K19973	0.598752217673154	7.48972007658123	-1.78156709015567	0.988875656252291	-3.64488080044172
K00972	0.87275613270314	9.48442295456475	-1.7813162450018	0.988858948990217	-3.44190950625196
K10672	422.705684386475	848.856798505647	-1.82574668592217	0.988658762789806	-1.00586767943486
K10268	1.11797489283647	55.4334092511201	-1.77667493391595	0.988505567254448	-5.6317960445878
K00561	165.939763585395	617.58478466863	-1.77514338336117	0.988372583524795	-1.89597757374785
K01712	160.243810719521	390.603443704369	-1.76838199964176	0.987673606616368	-1.28543603355865
K26933	1.69197480525071	13.2997724887613	-1.7663984033462	0.987434862768351	-2.97462157567776
K18324	65.5964878441375	249.726951401003	-1.85163076666403	0.98542290204352	-1.92866105284004
K27323	0.759730415256598	26.4775002979628	-2.28521205162434	0.985143104851118	-5.1231355359719
K01728	0.574866529600831	9.76531086102759	-1.85374208548366	0.985112913910005	-4.08636703001969
K25675	38.103965380705	304.405098755497	-2.67512209271436	0.984885060514633	-2.99797947587443
K04751	0.938666081156242	11.3364200584462	-1.74669127938282	0.984474221369345	-3.59420928336125
K01847	333.312617928845	718.223672268247	-1.86289176823301	0.98369839476382	-1.10755727089727
K02416	6.85392101887354	50.8332465415752	-1.86296840609804	0.98368602171398	-2.8907709014366
K06200	206.029132269215	390.527887924047	-1.60444753863668	0.982654229514406	-0.922577228949165
K05805	1.19985397445086	17.2838876967218	-1.5989460479127	0.982617472118075	-3.84849702040716
K00024	429.16883016491	844.063240573495	-1.5988034548728	0.982613832506895	-0.975805796128172
K07192	85.4595140852038	469.156291051296	-1.59760740730177	0.982572422010336	-2.45675559180884
K20903	28.7955741242023	106.007126490151	-1.61041731992924	0.982372853492241	-1.8802422636257
K01744	92.7957781262848	255.492409009688	-1.59116179467647	0.982198881568312	-1.46114935304491
K01266	0.970122650961144	6.5138177134409	-1.58731991164017	0.981861476968127	-2.74726428563016
K22292	105.439196235864	285.420258159948	-1.58419880738939	0.981537999583673	-1.43667645821831
K05290	1.47719261839121	18.4170169643618	-1.58076002309078	0.981141737698812	-3.64010954101188
K25634	11.4489505246005	58.5400813846448	-1.57999716824858	0.981049969180914	-2.35420939262152
K07813	0.821558947648692	8.50286870999767	-1.5781672955167	0.98082452048244	-3.37151366312623
K08325	73.3071707483192	243.035024879918	-1.62115757856576	0.980738164356937	-1.72913801046942
K25674	317.715046438538	573.23434344502	-1.62225492363808	0.98048074911221	-0.851391631277533
K01844	91.1299239096464	352.786466987124	-1.72197254477236	0.980283489770714	-1.95279845166601
K00187	1914.66067383075	3441.7320900483	-1.57226728986151	0.980085104304028	-0.846046067199917
K18028	3.43366066541359	29.0329508799734	-1.89382819784717	0.979645954265721	-3.07987183762269
K01039	43.2269933724689	150.296285001048	-1.62863990080492	0.978599074967352	-1.79780495034533
K02410	7.12439873729405	36.9142377529324	-1.55336304893855	0.978175892650157	-2.37333720006625
K12681	23.2392109874994	87.9233567693919	-1.54737169312191	0.977522697903933	-1.91968537955221
K01874	6808.72641633973	16721.1207196209	-2.30354468575036	0.976132752901689	-1.29621467606414
K01843	106.048034978461	377.545315199909	-1.63604793541826	0.975792697923439	-1.83193192690121
K00929	320.462447251346	637.553503536462	-1.63649821024665	0.975607684888794	-0.992391110698789
K09800	5.17515718459553	30.7294317985157	-1.53196868255088	0.973919552595235	-2.5699465038352
K00233	39.2426780563163	135.555963852316	-1.53055802655813	0.973425013351255	-1.78839318212307
K03168	450.385976738869	744.208055761531	-1.52979462334222	0.973145514055641	-0.72454409893278
K03326	56.5702183525777	188.199295234147	-1.64398970785819	0.972475578556115	-1.73414658080211
K05662	3.25410127314392	22.9236442679077	-1.68679246703631	0.97216031290108	-2.81650535767555
K16092	124.62331192191	288.930800136527	-1.46463096017347	0.969551979357206	-1.21315004114603
K08348	270.308117469727	662.108099010399	-1.52013931680572	0.969378416743881	-1.29246194043979
K22934	6.91612724559306	53.3180975914767	-1.51987562173916	0.969277815203259	-2.94658898787716
K01615	27.5724030469008	102.485576227075	-1.67630528715788	0.969021772378706	-1.89412396510806
K20904	14.1172510339622	60.7105796028503	-1.47765993090018	0.968921640877051	-2.10448875787226
K01768	90.73244221338	258.359163960201	-1.48073792588272	0.968444620546431	-1.50968765994396
K18012	17.5866017150481	74.8594202243846	-1.45240154294415	0.968387201314687	-2.08970713915949
K02406	191.777639235705	487.770565615256	-1.97027259070057	0.967692735877635	-1.34676818596809
K20509	651.761245246937	1001.01345198136	-1.66077699571214	0.96768043431018	-0.619045886949038
K02117	765.821971146338	1160.44355129391	-1.4855620077927	0.967543580277894	-0.599595389543414
K01489	245.913787633697	532.656559509556	-1.66448611050292	0.967471136995703	-1.11505300285777
K01474	0.568191798230489	2.95206468145686	-1.51449565464808	0.967397028749111	-2.37727442034507
K18675	119.759046994802	317.007132222092	-1.48655869686453	0.96734495758722	-1.40438065333634
K08955	1.27912206074169	12.3211974788309	-1.44423480937839	0.967229931020825	-3.26791663056809
K27244	26.6064192591522	96.5673545673218	-1.44329239238724	0.967093003947828	-1.85976119302395
K01186	47.8242156996241	143.478218731755	-1.488910119324	0.966877602203485	-1.58501852541449
K19607	0.764013683929422	4.67310654939137	-1.44122621837062	0.966792274554585	-2.61271154870331
K02007	55.1724749747786	151.215505332923	-1.3686700977806	0.966786556666874	-1.45458547348159
K09810	787.246281295623	1140.84274198379	-1.44021635734287	0.966645494073477	-0.535212996218491
K02190	47.8591679172968	124.964062911498	-1.37808333035467	0.966392797493086	-1.38464604576414
K06206	77.0913605026567	172.51378095953	-1.36235383057966	0.966203769499464	-1.1620705197082
K12538	63.4896936066454	204.843552822414	-1.43477921384486	0.965860564898092	-1.68992816584387
K07175	71.9460108005453	194.84057452646	-1.49914029936153	0.965424752321866	-1.43730754136902
K23163	0.876074592128692	8.09272440892293	-1.50043574403973	0.965365866210091	-3.20749985011619
K13626	21.5015004857164	93.530227528743	-1.50133910920257	0.965346384902582	-2.12099535513667
K00091	1.37682085798878	15.7925859757199	-1.38698371301653	0.965039672109939	-3.519834662641
K07263	91.5289024031356	229.008970120857	-1.39004265343189	0.964506436333038	-1.32310482344791
K22470	0.633921290785448	2.85460627772343	-1.3900679846085	0.964502038507183	-2.17091614717941
K06969	94.7255927337343	215.376154986658	-1.39116240476502	0.964317742596044	-1.18503236577619
K06079	19.7363717288548	78.1313512822338	-1.39123865009325	0.964305100154601	-1.98504477207566
K22933	8.01401545001325	32.0537924972368	-1.3931891498588	0.963990774049011	-1.99989786556353
K00702	169.136989443895	345.720563840762	-1.3939826621278	0.963866990327124	-1.0314142145451
K00281	56.4429555179071	160.600287617582	-1.4182519821873	0.963620111015661	-1.50860903781758
K07485	498.876170002672	929.213445272561	-1.41778444805078	0.963566451077322	-0.897328272142922
K15856	0.95115209421292	5.79167946784044	-1.39869072907074	0.963274161911534	-2.60623380159553
K01520	280.515630764236	560.781489528314	-1.34860135360778	0.963084592023449	-0.999357566881647
K03644	53.7999883016594	145.922942799195	-1.40191855947288	0.963011409118998	-1.43952896526184
K03530	98.9875363537004	239.826902478659	-1.40485442792282	0.962887967982538	-1.27667471134266
K00721	232.071388079705	456.003096724523	-1.4059702218134	0.962875502828524	-0.974474957012696
K25034	7.30976715503957	27.6948295765242	-1.40597357587213	0.962875479292037	-1.92171930424453
K25183	0.796268320809578	6.80776126287025	-1.34712567835821	0.962667752584673	-3.09585387806261
K19051	2.79421906138367	16.8304037773248	-1.34243917545828	0.961341110660053	-2.59055275390157
K17899	3.0607626590968	18.4243925800566	-1.34155135561682	0.961094016115945	-2.58965397365021
K11494	0.961102227189049	5.22013834384479	-1.33522867313927	0.959453917743682	-2.44132624567682
K24289	2.28403792709727	12.130660753354	-1.33438165502801	0.959255029496608	-2.40899962338068
K18942	4.71149913972994	23.854675739937	-1.33420849362509	0.959214472539556	-2.34001399029003
K07277	98.8849293341993	232.514908825665	-1.33320348375277	0.958989699678919	-1.2335006572696
K15855	1.56744050216383	8.35930931053264	-1.33103550851771	0.958534291515328	-2.41497306289503
K00548	671.901885042073	971.554403811284	-1.32708452838369	0.957822792361912	-0.532044206391498
K02963	759.987825197591	1274.31990678683	-1.32504553856875	0.957518463933091	-0.745679286679423
K07154	248.48307716795	475.453148577962	-1.32442842632878	0.957435808245468	-0.936155583090932
K00824	8.31214595941321	27.3106699979949	-1.22976859384217	0.956939402749724	-1.71617181442215
K03767	50.7705320531444	119.402833823736	-1.23063150246413	0.956918644019164	-1.23377379285143
K23361	0.616256778583616	2.51793634491659	-1.22738999306046	0.956917693227044	-2.03063829546858
K03405	8.37683320201094	66.0971243756867	-1.23067373570016	0.956917475052824	-2.98011065491463
K07796	28.1348181949191	80.1005374394587	-1.22613699501022	0.956879044065293	-1.50945528167849
K03296	133.898840152144	304.902258049537	-1.29420471836466	0.956877105347979	-1.18720337080054
K01730	0.933482918479091	5.47011008615212	-1.29443671533728	0.956874196568001	-2.55087433923042
K03411	1.41580354739251	7.07429118222426	-1.31855734625899	0.956848511538734	-2.32096450716751
K19702	26.025934009928	93.9851415348615	-1.31854748445899	0.956847841319345	-1.85248275431671
K18118	252.891694349396	425.873877131487	-1.22424529452192	0.956762182759064	-0.751906582732068
K07279	2.09133430590334	11.5292369818868	-1.2859421223835	0.956751239328987	-2.4628014324432
K26914	2.71420080406078	18.3370284312229	-1.30017968397865	0.956751029386225	-2.75616050057225
K00175	22.9934683435264	66.7209841642517	-1.22314795583359	0.956666240478322	-1.53691647019421
K05776	7.93577619048102	32.2298202310852	-1.31234397360236	0.956585465115832	-2.02195289781035
K06972	438.239950039911	708.749108761415	-1.31208752587184	0.956580216673934	-0.693554009208023
K00693	79.5587144305739	199.301584352419	-1.28111190794453	0.95644393921058	-1.32486130963592
K03473	105.136769245603	222.383251789998	-1.28101413971114	0.956436511618095	-1.08078083133137
K06177	21.6104585048838	64.9026128351519	-1.22088449140948	0.956424862057498	-1.58654687719256
K07588	135.238887349932	274.704996622946	-1.23802507095332	0.956383034176171	-1.02237309998811
K12940	22.5071597652695	62.3620683653534	-1.22050260325038	0.956374991996499	-1.47028476777045
K14213	175.929283872494	346.329960269173	-1.23987893846134	0.956166704113677	-0.977151554395086
K13599	1.28517212718143	5.66043506417262	-1.24110849764642	0.956014011860063	-2.13895134657321
K01364	51.4774315473429	170.614956090664	-1.21734563480754	0.955902532492403	-1.72873214112388
K07405	102.140621060787	212.142338751806	-1.21707226232293	0.95585853059382	-1.05447584206774
K19540	9.23832503315016	40.2137410176887	-1.24283840942662	0.955791053345947	-2.12198534319698
K02472	11.5928351762777	40.1707319378516	-1.27413686560944	0.955745139705359	-1.79291130945983
K16922	0.888660046462124	4.44001774607494	-1.27411691829576	0.95574292543978	-2.3208619106438
K02224	55.1465894094325	128.79748908054	-1.24661322532004	0.955312209257546	-1.22376089933577
K05595	4.76943958278014	20.5705622977036	-1.26933776928739	0.95521370846882	-2.10868956837381
K00812	184.401214386715	328.948867425013	-1.21212882240158	0.954920239701773	-0.83501518875982
K00809	0.853400163601502	3.67941878483605	-1.25062124012163	0.954885017788854	-2.10818359838986
K09882	4.96246753105821	36.5261890532392	-1.21159529782549	0.954812957345802	-2.87980167049907
K16201	21.1119990946364	61.7643537621091	-1.26448971982724	0.954770083218319	-1.54871125768744
K15632	0.582440846511793	7.06233230370741	-1.26272111925276	0.954655569875394	-3.59996126554064
K02417	1.63282033036095	7.73359115128632	-1.26219149311398	0.954632001178528	-2.24377244535424
K07391	187.379887598811	326.890262803432	-1.25595695592426	0.954562033183379	-0.802840293893285
K00283	94.43049933683	213.014862479101	-1.25711890169149	0.954534794971526	-1.17362928945273
K15987	268.012980256353	431.147489667432	-1.20932337139278	0.95434131983027	-0.685878605833523
K01255	28.5692075900437	79.6646132156665	-1.20637810373535	0.953735602186539	-1.47947800414398
K21499	2.36247144620949	12.4000986042061	-1.20592660957403	0.953645275570276	-2.39198279525556
K01647	273.402590146864	411.883188965632	-1.08566288158141	0.953194298325075	-0.591208332996639
K02168	2.80347535090241	16.1095225192719	-1.08819608848506	0.95319246256148	-2.52262544337855
K02226	3.77359086630032	13.206066330615	-1.08436948208807	0.953171674112116	-1.80719087820151
K06073	9.25458412900404	27.3254254733993	-1.09282197539573	0.953083704842295	-1.56200389307737
K23948	11.9569979312298	34.0894478886342	-1.08034904871104	0.953019610709719	-1.51147001933092
K03512	0.935678282663121	5.04361824087315	-1.08014745607169	0.953008010615459	-2.43037460641287
K24298	1.04113073035896	4.776842150643	-1.09477404363803	0.953002882199825	-2.19790597106599
K12452	10.9175391687121	32.2610810773018	-1.07971022321021	0.952978645048591	-1.56314707732789
K11103	99.868369114009	219.611831632816	-1.07947242208432	0.952962699448175	-1.13685606514927
K21519	0.967609142620625	4.42867854446599	-1.07929315030542	0.952950690428191	-2.19437997699001
K03088	681.355913502959	948.548267286963	-1.09638454970595	0.952922575718276	-0.47731258544189
K07462	224.253596188079	371.966088625911	-1.07826982591397	0.952879745901544	-0.73003997906738
K00370	194.620846002482	404.11015921998	-1.09737281774842	0.952869058654002	-1.05408237426545
K07792	17.5095510881904	45.8020401498526	-1.09841507074272	0.952810791638163	-1.38726976511999
K02445	6.80103689750306	27.622865385209	-1.07731193634399	0.95279952357124	-2.02203635757723
K06994	256.973429140077	461.110279704492	-1.07661876017568	0.952741695090737	-0.843492635105068
K02421	0.931725283071783	3.42080101666508	-1.07638489739555	0.952718228987758	-1.87635763936666
K22719	5.7729483767173	21.1837558223319	-1.07618987025057	0.952698297130938	-1.87557816837511
K08784	13.163506685176	51.0216429223856	-1.07529116741975	0.952606681606488	-1.95456548895815
K01733	313.944925385912	500.669925710859	-1.10360196117998	0.952486821982956	-0.67334830533776
K05850	19.1373320922004	63.7440073031218	-1.10403866234257	0.952458515447089	-1.73589999799562
K00860	54.9577137497775	137.520355768866	-1.10560959697012	0.952357161672389	-1.32325128806606
K17898	44.9787063106223	113.336437072335	-1.10567301198844	0.952353050970777	-1.33329768299865
K07791	16.7570507873877	50.7631123537911	-1.10668283184424	0.952288867174416	-1.59901226594821
K16692	83.6074559641076	169.939318141	-1.10782811770955	0.952216458048285	-1.02331617125758
K11751	116.971019777906	232.52668609722	-1.16015125818658	0.952207713879308	-0.991245159344083
K20429	137.703162471554	280.292033744391	-1.15865482344147	0.952190340385952	-1.02536904914188
K13017	4.28172279127951	16.6860246826072	-1.16630844809579	0.952176633921256	-1.96237698419225
K00605	29.2231530851428	73.3771230879626	-1.10847949755407	0.952176610438413	-1.3282184929128
K01486	405.099400258058	584.749244364776	-1.15749101443392	0.952169274019116	-0.529542143130063
K02188	34.0008224669529	78.812347932211	-1.15718567331154	0.952163774798635	-1.21285203674617
K02014	28.5722416389794	80.4704023689845	-1.15701179003799	0.952160648285622	-1.49384401894687
K02217	77.8326313200521	159.569823570849	-1.16705194265174	0.952160260103659	-1.03574081081964
K18898	28.1183009041697	75.9232892487539	-1.15676610414011	0.95215550303482	-1.43303307628868
K10026	39.1981075088167	101.98002566842	-1.16773974628203	0.952145038252478	-1.37943069862941
K19312	372.436300184874	556.703792093655	-1.19645321771007	0.952101044622826	-0.579916215769156
K12941	99.757414908103	196.302214262622	-1.15403812065427	0.952084583552768	-0.976580461222321
K08674	12.4343293466248	48.4041820872004	-1.17000649847575	0.952076675274951	-1.96080300373053
K02349	0.609232686277797	3.06188341837938	-1.15320178405338	0.952060138343383	-2.32935410123769
K10974	15.0526146239617	43.3973028501142	-1.1530636000751	0.952055615052703	-1.52759127828593
K00208	77.9952321586362	164.240863179461	-1.11062916393525	0.952048703226452	-1.07435527479688
K07715	115.321338006321	330.815166849364	-1.1521858367832	0.952026982405095	-1.52036589832562
K01613	240.297759250665	484.546105912411	-1.19502542561329	0.951946442570596	-1.01181075306286
K26889	0.598086064445443	3.67512190310612	-1.19428455912628	0.951879449472444	-2.6193670967123
K01284	643.790147362177	1007.99294110733	-1.17491400639472	0.95187601628838	-0.646823132869274
K03642	644.517936269577	1052.19349053416	-1.19423429391207	0.951874916153604	-0.707107616909393
K03616	127.628363580732	217.775107368668	-1.11408987984481	0.951863158201648	-0.770890074131718
K24041	3.55214507898829	17.4020683402359	-1.06908847099148	0.951766846103956	-2.29249637774655
K06204	2.97154537416934	12.088915393088	-1.14464380192805	0.951761079941042	-2.02439949751874
K01305	49.8314666462382	107.388825570366	-1.11635593822157	0.951758202547371	-1.10771493900569
K26043	3.28462174293271	14.4269744452692	-1.06894121290207	0.951741585561584	-2.13496963212789
K23235	0.818801885496418	4.36003338041006	-1.19248645415117	0.951737694102376	-2.41275285067144
K02601	1200.70510238784	1621.81683664366	-1.06889220862838	0.951733183029118	-0.433729031588987
K20884	0.5473987642115	2.30079415607173	-1.11771877909035	0.951702838273551	-2.07146783366403
K07812	8.73404694721821	35.3964125677723	-1.1424943802359	0.951689412127098	-2.01888095931707
K21531	5.27635269554559	26.8832476568224	-1.14153862528554	0.95166015571503	-2.34909452555936
K18951	0.941646097577337	5.13821972040123	-1.14057929506471	0.951631511218039	-2.44801173077117
K01040	4.54783813161017	18.5777634817315	-1.1892103399131	0.951575907500428	-2.03032401937063
K05539	5.71091501765234	24.2574929277093	-1.12277487099238	0.951546918416371	-2.08663663046756
K26030	3.00109135851795	14.8414113921894	-1.18461362676788	0.951536306284125	-2.3060691533497
K07788	17.4864296867328	51.4929846082203	-1.13598197399625	0.951524618443234	-1.55814013796571
K07559	3.16031765680957	19.0728243781981	-1.13523061275003	0.951511538589177	-2.59337701723208
K03760	1.84666448309027	8.17913788874958	-1.13394225638811	0.951494017883365	-2.14702701616208
K14440	2.93878464907015	15.2015646743284	-1.1260485782325	0.951489872838416	-2.37092827689749
K00857	77.3913506806157	161.660424066384	-1.12658423597137	0.951484651936231	-1.06272229350697
K00956	90.6531588289666	188.997599453166	-1.13217786223118	0.951476801694625	-1.05993871323948
K03733	712.868963462631	968.833868189159	-1.12850182691959	0.951470948536036	-0.442612388212525
K21023	5.48330484028773	21.6812559217773	-1.06604126542889	0.951222435606878	-1.98333074300992
K08307	35.7171236083222	86.7758216989406	-1.0647779925333	0.950972355378846	-1.28067722010757
K07666	3.06477384716851	17.7578530908483	-1.06459075280223	0.950934406837949	-2.53460464664498
K03781	13.7030604411598	42.7649404073206	-1.06330243370393	0.950666419441496	-1.64193038896669
K22078	0.784111157191823	2.62199858786842	-1.06036616968949	0.950009336155548	-1.74153681523344
