	Prefeed_HiCHO_mean	T2_LoCHO_PROT_mean	theta	prob	log2FC
K00074	661.240007947433	213.196352347797	2.7609228316039	1	1.63299126198125
K00128	3078.60922479746	1269.08917366146	2.90336390173063	1	1.27848530931541
K00366	354.340887241883	99.2092677097571	2.51268570953372	1	1.83659114453631
K00700	3066.20686306848	1753.42040031037	2.93045543442193	1	0.806283094043139
K00705	954.094078266136	506.189413072778	2.47431080548248	1	0.914454196049728
K00761	2052.3843230038	1052.16829002361	2.48735322525661	1	0.963935434487729
K00931	881.30878533758	124.940619796196	2.94392473278779	1	2.81840499486088
K01222	518.778863675412	132.835820231219	2.41403311169182	1	1.96547546855517
K01223	11066.995466446	3789.8484936143	3.76810451041901	1	1.54605152368226
K01338	5382.04955024882	2705.11285173522	3.36635094227197	1	0.992466891748694
K01613	1240.6778219089	321.544644640927	2.87727322010561	1	1.94803755980805
K01788	571.032841865484	121.20304908147	2.86457943546666	1	2.23614772896449
K01835	1936.60086318575	1124.93374611108	2.5363260360845	1	0.783686607369859
K01905	1013.72007444638	240.834761632819	3.23027553317221	1	2.07354377784286
K01975	273.763118718804	35.0923719456409	2.87065291215666	1	2.96369873021167
K02071	495.849100572335	231.290931292093	2.46702855512585	1	1.10019243848295
K02794	3448.27550365091	1505.48122107102	2.57759091086392	1	1.19565033226949
K03547	755.767247912014	285.340077615599	2.65404114461592	1	1.40525960324932
K03671	741.181648254543	276.007108737467	2.86149012356673	1	1.42512173550297
K03695	12333.7223401605	5689.22995903806	4.82119021114816	1	1.11630297233336
K03737	4126.83910637366	2751.58321916789	2.50844115529318	1	0.58477523055214
K04068	850.856265191412	226.746608161662	3.10478960237823	1	1.9078344685495
K04079	5688.98420712827	2658.75612102096	3.30497146449479	1	1.09741962647301
K05516	394.107066367434	132.521385948412	2.69966454101735	1	1.57236242058324
K05540	789.747865615787	285.480288223093	3.28385316211341	1	1.46800099877497
K05687	654.401796954695	191.253489577083	2.7408324733679	1	1.77469063865171
K06179	421.059015177479	127.064287795345	2.81022255122435	1	1.72846384510329
K07486	2430.17638477916	943.688240174628	2.87097778945896	1	1.36467879984412
K07646	1612.39020851351	772.305585433351	2.86893238027772	1	1.06195721701954
K08724	1298.72079435289	390.715642845965	2.97792674129292	1	1.73290038405316
K08963	472.507613929102	112.402138214711	2.56653583823295	1	2.07166809686567
K09935	16.9659976044205	0.581162160002219	2.6623903426707	1	4.86756168226594
K10591	20.7850362847663	0.800453904380092	2.81140965945635	1	4.69858313140582
K10907	891.584898656324	343.165818835901	2.78577151094662	1	1.37746632115982
K11103	425.320410938282	135.205677010301	2.55054298453925	1	1.6533943622107
K12264	851.005930058293	314.515859105589	2.60933803116139	1	1.43603641986702
K12410	1142.71350928675	620.144149414399	2.75923034622417	1	0.881788242678272
K15342	772.077913055016	280.082029945121	2.97911064278442	1	1.46289701908073
K18888	3284.43777429253	1719.19337267699	2.77852226831474	1	0.933914606616005
K21071	1228.42373949981	613.995790809991	2.52632566263655	1	1.0005076275426
K22373	695.382144622336	256.990358995736	2.58885330529599	1	1.4360917856877
K25290	859.317705641332	322.896083855754	2.54551018045484	1	1.41212167723489
K26114	356.368896305688	65.7635178321385	2.49530026706975	1	2.43801204561222
K00040	6920.91120020525	2559.56161775067	3.05285311820522	1	1.43506525659692
K00703	2790.49295182132	1206.19272900474	3.25815080638795	1	1.21005955876601
K01195	214.223215959973	51.4927101495162	2.44236944630142	1	2.05667472863923
K08600	619.174501049674	241.97893934454	2.39531978636264	1	1.35546457150066
K00764	1765.03052777732	811.800122360945	3.01902220955628	1	1.12049667380713
K03231	344.528615559133	45.3111258445932	2.38730610243238	1	2.92668657099761
K08348	1108.30310302819	457.639997181039	2.38701305856208	1	1.27606743664322
K21527	34.5677213218501	1.36187779760123	2.64117708031862	1	4.66575634528959
K00370	1125.61699178179	301.587028136184	3.26484941451447	1	1.90006973025119
K07450	559.740225481784	183.576649197499	2.88874675207212	1	1.60837486932505
K01623	1394.46016759107	281.410480023557	3.75890976096058	1	2.30895876255374
K07126	621.763201633928	94.0136867224518	2.90645694261249	0.999999999999999	2.72542252693986
K00625	4112.23837007022	1660.7184474224	2.97159828805005	0.999999999999999	1.30811638983446
K00895	1674.96983370693	602.417337710095	2.89276788870233	0.999999999999999	1.47529991597588
K06990	1965.60633455211	609.300608359285	3.25275630765354	0.999999999999999	1.6897483262533
K02010	429.536286833156	50.2975298366828	3.81214185602853	0.999999999999999	3.09422055942241
K03687	1293.30250227311	525.582552489649	3.19933099433388	0.999999999999999	1.29907047055294
K01847	659.43485505751	289.649009086602	2.37106893186342	0.999999999999999	1.18692441460628
K00100	895.067695194897	296.700395748584	2.98620149024514	0.999999999999999	1.59298994837112
K01176	1538.09037749004	306.421760410498	2.95290521589433	0.999999999999998	2.32754961950803
K09014	2782.88861836188	1034.37099551307	3.79975906021156	0.999999999999998	1.42782944111055
K00248	1431.1198998066	495.847329725813	3.1570775172979	0.999999999999998	1.52917665515786
K15633	1373.36720978584	853.687236953729	2.35150727434638	0.999999999999998	0.685937908127004
K10877	89.1049874495747	1.33626462187122	3.513223433767	0.999999999999997	6.05922854597541
K00975	1676.33251830442	642.538470562576	3.76379373734107	0.999999999999997	1.38345361109719
K07005	251.185887433966	36.3188419998266	2.9086767210422	0.999999999999997	2.7899653013033
K04095	1301.94436636541	471.950374922401	3.17393862664231	0.999999999999996	1.46396072690925
K19956	259.559079672707	62.2597544880968	2.34623909814307	0.999999999999993	2.05969116284902
K00626	1082.99553212701	347.995241855505	3.15298668907697	0.999999999999989	1.63788780582435
K26113	1373.60628844655	209.872466845935	3.61855475109122	0.999999999999987	2.7103837321102
K14441	12208.3592124157	3729.01405377292	4.32404862929092	0.999999999999985	1.71100317760739
K01442	3599.821324767	1277.01875977106	3.52363557302284	0.999999999999984	1.49514558212512
K07284	6287.7705570341	731.011305701443	3.97529095942965	0.999999999999982	3.10458295015726
K02761	3670.7740826352	1028.02560619348	4.00396420539544	0.999999999999965	1.83620812685862
K02796	3834.24178302006	993.822585645657	4.20118780670871	0.99999999999995	1.94788108050894
K21591	357.860852437607	73.5070464055494	2.33791469779723	0.999999999999732	2.28344427245245
K01207	437.988120808627	156.196890159359	2.33634860835967	0.999999999999482	1.48752601125483
K06902	815.898934383928	330.606831061865	2.33358474701739	0.999999999998437	1.30327392206877
K01491	842.138947678365	484.090137301307	2.3243624319812	0.999999999954103	0.798782587134585
K11717	1793.51957571195	978.644703708815	2.31608961113524	0.999999999230083	0.873936401405377
K01568	98.5873775108692	5.03066501904326	2.30310154134563	0.999999960829313	4.29258191306637
K26115	347.971539378163	85.4726295912747	2.27820098924075	0.999987385704771	2.02543489962186
K01428	1313.97210518996	325.626108738874	2.18144529289837	0.999923888814644	2.01264636365859
K00560	1086.56411628907	641.47803255095	2.17708686911962	0.999909611194594	0.760301541890724
K07484	1442.90945783701	938.157668427372	2.17667146198406	0.99990674830388	0.621078463865727
K15780	324.342483999184	120.907043642899	2.18763991560986	0.999890671674109	1.42361971391814
K03856	975.034153636578	527.95558159973	2.17406932997297	0.999882318662941	0.885036198012384
K15192	31.3168369046256	2.45386939138378	2.18839822621127	0.99988172047234	3.67380813553907
K00773	1132.09509239266	753.401278735269	2.18862823344849	0.999878813376175	0.587504757999558
K01347	7.59143579467323	0.519669516945726	2.1734550419096	0.999874716158509	3.86870643316388
K00844	62.0102876278474	3.85917742225794	2.19097733797917	0.999843795619575	4.00614230414013
K09810	1328.88856966147	626.925543759259	2.25704320080646	0.999714866703093	1.08385411846273
K08884	186.4732950316	37.7690082770347	2.1989370177851	0.999633111970099	2.3036942282281
K07240	617.848009735085	254.874292405904	2.161723380024	0.99960925875536	1.27746611463296
K09963	138.638279259421	31.495957143203	2.25125253673816	0.999495714735804	2.1380870937467
K01626	627.807432557841	287.598183983054	2.11307117810065	0.999441375698224	1.12626754294539
K00864	2435.66475603403	1029.59221955318	2.11431130529073	0.999433405392785	1.24224251839426
K22230	166.456640164058	43.5341120476446	2.11820001916356	0.999373250275599	1.93492822000859
K25288	144.362467098546	22.3257285654383	2.1200059864669	0.999331582077144	2.69291654232009
K03442	1119.10261348414	587.449841025234	2.12227493752327	0.999271126798968	0.929804748322064
K01625	925.721215939023	502.817457951555	2.12395935036734	0.999222706497299	0.880543045053687
K01443	1060.49504051099	633.477289180094	2.14839971555102	0.99913743748685	0.743373070719066
K25026	718.597868090222	364.786795299369	2.14701425363739	0.999095803807198	0.978131148025166
K07305	633.128074740999	276.949967098384	2.14605358962988	0.999069247670932	1.1928720031663
K14575	28.419760870827	1.10973886471512	2.13004991982432	0.999056029281681	4.6786022778948
K03654	1944.81057382012	1039.60307693741	2.14505344444047	0.999044835230856	0.903596833441117
K00609	2088.35032728224	998.937642258653	2.14190745727727	0.998985276647803	1.06389722174116
K02528	1283.99406367576	785.440232850007	2.23925062261873	0.998887499445203	0.709065127797181
K01006	888.959579772437	481.095722922656	2.21510714006217	0.998858724196554	0.885793848934293
K03215	1706.70090261503	1053.34643395935	2.09532808090691	0.998731074335481	0.696230249052884
K00688	3007.1084989021	1909.58991485514	2.22525372372055	0.998545132970224	0.655114070226439
K03492	516.347167015227	208.948531038198	2.22715542870744	0.998538830806275	1.30519377450325
K02834	301.585797794468	121.287270689372	2.08603840665003	0.997670838905684	1.31414034611759
K01520	584.701891771629	294.898031605833	2.08589866784348	0.997651441317816	0.987485066399033
K00287	199.509738698531	61.8759527720632	2.0855686944193	0.997605630073916	1.68900843052919
K05808	1899.75853422297	1047.46005648026	2.070647550291	0.995025641361609	0.8589208290733
K01772	246.42298018611	84.8277490988811	2.00032786415517	0.994993254884544	1.53852861520977
K08659	1417.94480632791	827.622259795518	2.00292164978072	0.994982247682052	0.776757022917032
K01226	168.443013365809	41.7504805242556	2.07018075799962	0.994935732300473	2.01239588258892
K03521	335.43100703289	130.889304692184	1.99322618590905	0.994892824043428	1.35766884118568
K02337	2160.91988743569	1507.54089840434	1.99284364791155	0.994882912851419	0.519448445790678
K01803	2508.3644433198	1524.62074564483	2.00805971933622	0.994866273451345	0.718296562051961
K06915	515.415567313846	229.010490853553	2.01028404303461	0.994774504856741	1.17032242322405
K25133	2849.88523117646	1504.75490468956	2.0123330221677	0.994667724723117	0.921375301965934
K05878	367.995478803318	133.874685086598	1.98667021365922	0.994662154471802	1.45880486009512
K02823	153.960663371904	53.8126851186987	1.85150567722809	0.99448092139127	1.51654359184615
K11635	173.129515866057	62.4944497330171	1.85205673852694	0.994474373799385	1.47005173082554
K12267	348.481168292976	105.033079581823	1.84841525400278	0.994456881877365	1.73023692764871
K13566	428.414249755939	209.861868958909	1.8481117716775	0.994450385213272	1.02956640860592
K22522	144.821326259868	39.2089530272997	1.97967585475603	0.99432356936989	1.88501904397765
K00873	2173.896274223	1386.61336154264	1.85829698607082	0.994232268290852	0.648717537273412
K03969	151.392018459478	31.0617941209714	1.97681948893155	0.994174212378888	2.2850760800585
K01802	110.902292639301	28.3591596516237	1.8621239990377	0.993943653195337	1.96740250218515
K10112	2571.94915134207	1572.95481939373	1.83921635288137	0.993772829003861	0.709384887934886
K12573	2600.01645705583	1646.21485498163	1.96568849401319	0.993653748529623	0.659368114226626
K06180	1552.97412420222	1015.08412352711	1.96076908044751	0.993486492115237	0.613434498122312
K00078	197.07960903029	64.9928970424123	1.96040606956308	0.993475532826243	1.60042455241824
K02810	1137.11522867046	524.575282750074	2.02704636373604	0.993360542925345	1.11615671944178
K18118	947.716739868951	209.692297187237	1.83517518332199	0.993133707491357	2.17618205426963
K11069	369.947919216064	170.14992868555	1.87589044432069	0.992457136438587	1.12051563768607
K02770	1437.78662036688	653.814439433559	1.87631288010929	0.992408876583618	1.13689643921842
K07030	2748.18211341626	1628.82880010984	2.0535128220746	0.992330117886746	0.754642634462391
K27540	26.2928391181367	3.34782458081668	1.8772031682576	0.992310066472131	2.97337409282871
K01486	657.885303401285	363.793306112394	1.93139502293186	0.992259496077971	0.8547170872263
K13730	372.99786514167	152.032291732138	2.03880001678421	0.992253851850753	1.29478958788027
K15711	3.76262361888233	0.453027928872324	1.93043585460347	0.992190310632348	3.0540670822636
K11253	9.98370126757836	0.752391232038619	2.04026385694208	0.992164961009604	3.73001982482648
K11254	7.95396941012942	0.703463310856273	1.87859297702828	0.992158147297575	3.49912792700098
K26905	149.201267567834	38.6285561844896	2.04075861722702	0.992138618840785	1.94952013210786
K01216	54.1092258143565	0.871164152884505	2.05070117743251	0.992131636019116	5.95678619889578
K07455	173.987512770192	43.241643646787	2.04232294828945	0.992070431275748	2.00849049922504
K24213	101.700899226521	14.9150905227888	2.04414113371056	0.992019711432559	2.76948779655053
K27043	174.163065985942	42.182280213498	2.04501026369705	0.992005767244075	2.0457297212716
K00762	1048.74181632959	538.425781347942	1.82933153619927	0.991838301699049	0.961840155864371
K06148	363.843738560593	170.53199812311	1.88228353143564	0.991783032249884	1.09327651566445
K02232	238.562601777036	61.2556129042971	1.92352742397889	0.991686480169252	1.96145394626478
K03613	667.190442554028	342.65118743842	1.92145917368395	0.991545514097005	0.96135793586124
K01208	1915.24722278457	848.207304181681	1.92066090654457	0.99149331218295	1.17504181765547
K06413	180.664722424798	64.1220003910642	1.88915742957048	0.991237824684304	1.49442348668418
K01754	797.159820505566	529.767167657069	1.91629934148243	0.991237654286647	0.589510560011482
K11921	98.4362437294084	23.1946561856382	1.91491372125916	0.99116779408508	2.08539714515197
K01715	188.741148568432	72.140156977287	1.82668307857191	0.991113351126533	1.38753452011289
K03100	2577.97250643997	1315.27069235666	1.89286203724565	0.991042207857344	0.970877130430235
K01686	2307.72327061637	1155.74813507224	1.91142189934102	0.991022197414352	0.997643199734944
K07749	575.726832395381	261.591075745031	1.91036524533698	0.99098667168943	1.13807112852517
K02027	352.048452549676	133.502513290959	1.90656198289587	0.990891222866696	1.39890709909293
K26404	58.5967411534037	8.36930735651983	1.82480225413454	0.990562074550606	2.80764029621328
K03283	50.7292640694259	6.8735972130632	1.82296217278024	0.989999164875213	2.88368101281119
K03568	443.424877606249	193.664808174218	1.81892431624683	0.988729554342373	1.19512789421165
K01845	271.717239229222	141.287118673302	1.81436899964634	0.987360859607094	0.943476161613666
K03095	41.8328621846454	5.33573239561013	1.81201889211565	0.986735600438742	2.97087849228548
K21961	240.860431121268	58.2303103117492	1.77444014739826	0.985893611243119	2.0483551930538
K20108	764.34696097477	416.103436275524	1.77232819671342	0.985819704879674	0.877285468780684
K10984	665.95820711134	298.608667400362	1.77140416267052	0.985776337082152	1.15717560065906
K16212	405.700706322769	183.997309795713	1.78816986605347	0.985529506326978	1.14073114131866
K09013	635.357690700971	258.206353560177	1.78959877332637	0.985432373193704	1.29904452151331
K07010	154.2546123612	50.8975208007339	1.7947967511419	0.985121349506556	1.59964633800091
K25130	74.8234943411784	9.53926591361391	1.7579157379833	0.984766822106328	2.9715411887388
K25072	340.291772409294	147.547775473518	1.7557006107198	0.984578711676443	1.20559010025244
K16962	71.163958474373	11.7335279242969	1.75510080117845	0.984528059710054	2.60050990806965
K11074	81.9091296749447	23.1579743563223	1.75368492829485	0.984409458469358	1.82251519975092
K17686	3077.3441875033	2066.79648517469	1.7489956355166	0.984024072326245	0.574289476424849
K01497	10.4151498764513	1.17718438688632	1.74788216464247	0.983933522536447	3.14527138222563
K00548	756.11426664779	512.902539017459	1.74434195804725	0.983643714321221	0.559919562977005
K05601	371.239437109685	184.954164420933	1.74404065708838	0.983618702654987	1.00518219294431
K07650	194.210124491341	74.2199723770014	1.7317901585889	0.98244281798318	1.38773904355936
K16786	371.123874949789	190.64286550925	1.72931715069493	0.982142424137258	0.961028273111931
K07180	25.4882517165464	3.05961802914041	1.71399713901448	0.979616893546084	3.05840896041232
K14194	144.042064183619	42.4041738692057	1.66503553846448	0.978028069986752	1.76421199695775
K01342	8.41965234899975	0.959466685973038	1.67047666727789	0.977711439036502	3.13345604502336
K02984	10.6476382642594	0.998924195356189	1.65568907802342	0.977614727749788	3.41401445240545
K00937	1834.81270899996	1273.63840428316	1.65490117287031	0.977505668675797	0.526677061994699
K02111	4736.95305204308	3436.2285291915	1.67282494958845	0.977499151698316	0.463133386153122
K01200	757.976559409186	443.015656536759	1.67375234968282	0.977406809137277	0.774795547719061
K00847	188.269888067999	83.9210155031308	1.67492609984082	0.97728763056778	1.16569823264974
K07137	604.3295741433	384.03384600131	1.67496665568715	0.977283440903013	0.654102079701859
K01790	441.880025775475	267.049917428834	1.67758176463139	0.977013176414226	0.726545280528021
K07588	695.873421684977	107.903225463438	1.69938096675958	0.976954480266325	2.6890869151278
K04770	18.3458389860414	2.97468631735725	1.69937676968554	0.976953948747509	2.6246434345572
K10773	499.670944109608	292.834179244095	1.67828270902384	0.976942913575002	0.77089437468913
K18707	1365.79285005145	937.47831112515	1.69906633438544	0.976914649131089	0.542881467746529
K00024	917.552530312175	370.865972841399	1.69808475431937	0.976790567464477	1.30689284944394
K02819	165.042936159959	56.5137169430501	1.65052998590379	0.976725454502044	1.5461684081225
K07964	318.697679434959	132.686657289582	1.69692687572997	0.976665648351996	1.2641652109017
K05816	284.525297063786	112.824534483041	1.69493656946952	0.976485153608104	1.33447610187747
K03545	8718.59949590397	5570.52541784336	1.68513847244168	0.976390151944345	0.646282997137629
K03525	829.36480487256	522.357376002456	1.69227051835437	0.976330670367136	0.666969647205656
K12132	998.550862477345	616.078547010609	1.68697492976797	0.976313720260745	0.696721615845834
K11251	4.37124438322781	0.619504465200003	1.63813348082734	0.973144874390227	2.81885745112882
K18126	9.07732877247336	1.06102424847569	1.63699057274275	0.97278625978826	3.09681018368038
K03526	1553.28819468362	1144.6521572414	1.59752825136167	0.972176516725102	0.440416278595411
K13993	1327.66331363132	570.478201079982	1.60060179786943	0.972155713514645	1.21864567053068
K11535	172.329510246905	17.4054172909879	1.59287427065765	0.971773248472119	3.30756146647101
K06907	25.3922263574234	1.1208654345129	1.59052224916099	0.971365029642147	4.50170190324311
K19703	6.16797713222218	0.712254905118723	1.6309236180575	0.971116281673402	3.1143318592999
K24139	6.67279573019305	0.745209133185552	1.61283271533417	0.970671202492848	3.16257407929206
K02991	19.2193151005654	1.72283978380959	1.6278974389595	0.970522790370954	3.47969647625512
K09553	6.24608840496061	0.733589724881911	1.626906801777	0.970369861760569	3.08990765201136
K06185	290.752221144884	81.196676961499	1.6154428546442	0.970331079124979	1.84029762263722
K03491	345.204344860144	133.613525071221	1.62503565333483	0.970153769640447	1.36938457042078
K00694	324.120059597122	170.687024092813	1.5787012303846	0.967704238935949	0.925174924460309
K08314	80.5297073983618	22.0349758745066	1.57746921255838	0.967228254718298	1.86972577437764
K02757	433.379100904014	226.473481696293	1.57002812558853	0.964287915668186	0.936287451513006
K09121	287.379939079658	139.883912890052	1.49633273492409	0.962725449429041	1.03872929878828
K02114	186.143360776658	80.0025382855836	1.49253557980508	0.962280355494144	1.21829648109354
K21960	300.063608717551	133.358390941444	1.56442803442865	0.962135269240042	1.1699597591105
K08176	48.2916024941629	5.72892309969757	1.49112190407017	0.961967215792371	3.07543646079421
K22836	5.25533533880348	0.698692371652476	1.50519914579753	0.961752411124581	2.91105353028333
K00059	543.35012305389	345.052724385128	1.56267954157133	0.961484458256598	0.655065315211996
K09693	135.410875231243	44.1516585274348	1.56208937581698	0.961267488190933	1.61680407261864
K01425	667.513210914443	282.501932098338	1.33410637766452	0.960247549869123	1.24053565530886
K10563	232.393742411099	118.420840715284	1.33508262236278	0.960243825723918	0.972648221137772
K07770	63.8952205862613	20.1390374973556	1.33648071815111	0.960231707161401	1.6657132860238
K07481	156.206725514916	66.2323693514828	1.33692300324033	0.960225598354939	1.23784819611675
K14753	12.625895676309	1.73078429811325	1.33094081202818	0.960205705741844	2.86688789300177
K08712	4.10768153099168	0.726192845661412	1.33072005464559	0.960199426219721	2.49989971156967
K23039	2.75562263005371	0.598030587858401	1.33927426186457	0.960180556134269	2.20408714918352
K18941	271.349474407821	153.82351369537	1.33018600750767	0.960180326802065	0.818876061538423
K01571	76.6450036684902	16.0784944869578	1.34018959260685	0.96015706677101	2.25305942279857
K02998	9.01093802949433	1.30536460147987	1.32931074034838	0.960149200005256	2.78722447460877
K26318	138.901875784381	57.9320676005113	1.51060391283502	0.960089889583964	1.26163202120764
K00728	5.52362641723138	1.0278563884637	1.34385899141977	0.960048490820125	2.42597704218379
K02964	10.3798759474658	1.43734421407423	1.34434680448967	0.960032805542637	2.85231169801385
K09464	6.58449775091803	1.08053280485577	1.34511340530288	0.960007166821389	2.60733052657229
K00260	14.5232407698315	0.865471980437471	1.34875065000641	0.959879439947158	4.06873249410541
K07304	602.545653523494	370.87120719597	1.34907752587582	0.959867494019002	0.700152287517738
K03436	96.2495763106027	27.0011496276555	1.35191792167964	0.959756703611448	1.83375935578891
K09510	3.48651537830031	0.653873306786997	1.32284135624859	0.95962536915474	2.41470281092492
K26605	303.922163916669	164.292913343044	1.3588115995754	0.959410574587615	0.887431637083015
K02800	48.8261501714401	15.4958729476175	1.3596468599831	0.959357726607792	1.65576999902039
K06200	299.792499895397	173.725103896908	1.36163654662575	0.959215870292632	0.787158047204387
K01934	295.538469958229	170.792597994842	1.36230972539435	0.959163759137646	0.7911004857077
K01318	305.439923659915	154.071903013691	1.36235386320987	0.959160332461553	0.987284855367929
K01885	1860.05880287618	1339.85286872666	1.3626396510202	0.959138115356569	0.473273645769191
K02987	31.9557068732299	3.77767429478611	1.55524478859375	0.958837216646964	3.08050337545984
K02014	108.5634702334	41.3907934555567	1.36610639888193	0.958823063074993	1.39115693217867
K03515	3.56560160439973	0.543223293087962	1.5550782674347	0.958779980736819	2.71452826731023
K02110	154.398207011884	68.1420836109628	1.36796551265931	0.958626518872823	1.18003803189051
K11746	35.4674159240836	6.46928620869253	1.36830813292163	0.958587206604323	2.45481577682459
K02960	5.07031877238558	0.80583427071238	1.37045474953575	0.95833262350859	2.65352138554497
K09490	21.3264858497301	2.31991783174703	1.51541013715409	0.958305189227021	3.2005006467475
K02930	21.6245555104291	3.00177114531452	1.37086231978087	0.958282248752096	2.84878458330834
K01903	190.879904484728	14.5990123069128	1.55300364258491	0.958081965884146	3.70872255393724
K01577	2376.54852803599	1246.19827602826	1.51602263839716	0.958073464826513	0.931334234899777
K03756	76.5703039995487	23.0389319784143	1.37607164350328	0.9575781187284	1.73271114615895
K02567	150.399531833538	53.1357037474087	1.55117351820226	0.957486857222511	1.50104658668244
K11661	16.1960156355676	2.15805937132536	1.37768304494893	0.957347951321246	2.90783247979402
K02985	5.09617002055167	0.690644365067157	1.55038124523971	0.957237079639572	2.8833984932063
K02190	114.816071829714	44.1262715570234	1.37927049605633	0.957120864067094	1.37961484577656
K12411	7.7411282607178	0.793567487094254	1.51895186024167	0.957002954501962	3.28611902884854
K03438	1576.59439725911	1190.98544222582	1.38134787130487	0.956827706272589	0.404655773942163
K09554	3.0012149255899	0.501200485257142	1.54867980669974	0.956716545204169	2.58208692158087
K03809	3.67471059751859	0.533813678083925	1.52033742221863	0.956528988923471	2.78322245700341
K03581	458.17891767691	322.18490621531	1.30617077293196	0.956480290545839	0.508022169059027
K18285	21.8004303671659	1.51308723960232	1.27149618550903	0.956381365810957	3.84878953976194
K19955	326.948855243571	203.60789973928	1.27078512409269	0.956361843220744	0.683271434624012
K01447	124.671412307269	53.0590186572157	1.27068460881118	0.95635909115381	1.23246078905346
K02925	17.4149083885139	2.68784911535641	1.27468887745994	0.956355390707067	2.69579882500006
K02962	4.02309938806387	0.75633902766661	1.27496080963233	0.956347658725202	2.4112024091424
K10108	4.60950828777465	0.855183494449386	1.27530014655681	0.95633732193131	2.43030694801561
K06665	6.83810526138811	1.25796081665198	1.2753098297787	0.956336821502383	2.44250964544953
K02865	16.882365670771	2.12814379625115	1.38518687934972	0.956328453599446	2.9878495378502
K14261	10.2559777595563	1.85689161375222	1.26914706203702	0.956285937041957	2.46550352540375
K03046	8849.04386079762	6740.64099145243	1.26895886553535	0.956275378246347	0.392635791497901
K02995	17.594420411811	2.98332426322574	1.27672571832254	0.95626327638078	2.56012528960699
K02976	12.1664645157015	1.85056795407804	1.26744247329158	0.956156992589699	2.71686997404236
K00313	355.525416496115	115.653787753361	1.26719577917785	0.956135724234625	1.62014018557972
K02974	6.82498038992363	1.11583214241369	1.27900280234247	0.956101267297718	2.61270488572116
K02934	5.08965255018062	0.780179920089289	1.38724578764029	0.956095050655642	2.70568840022283
K26046	6.98879122855914	1.06392535219001	1.26659346409384	0.956075686672726	2.71564601958521
K23237	39.5136649825122	11.4723956767621	1.30348733699036	0.955991865660105	1.78418497798863
K03785	445.781293660974	252.825046644024	1.30314216830188	0.955935644581063	0.818196683787647
K07260	214.30953710142	116.560611817615	1.28132811629155	0.955895701197801	0.878615698444442
K08150	6.27138054902439	0.918605941687473	1.26490464157387	0.955870856094851	2.77126504507496
K11693	161.506170366517	77.1896466172097	1.26487797471766	0.955867020276747	1.06511002624189
K23684	126.45330960378	44.6920644545827	1.39054827524907	0.95578461387209	1.50051420287824
K23144	155.57180366486	68.9910091594963	1.39062055800302	0.955778848824287	1.17310033666419
K01989	664.179441832932	413.760022091658	1.30215440002713	0.955776950333844	0.68277881089153
K27388	6.48876478478258	0.971150230342982	1.30202904256135	0.955759699638838	2.74017747668846
K01151	808.201384159572	533.580134703912	1.39115078889384	0.955736443454819	0.59900986664867
K02953	3.91956775837849	0.731258623126748	1.30184386840005	0.95573424909361	2.42224092845921
K17275	4.08653177977104	0.764875141812515	1.30175784289407	0.955722438470586	2.41758078732069
K18748	9.08868150541513	1.21590138971442	1.30096037310657	0.95561333765483	2.90204478775162
K06189	144.443227713503	67.0219872182509	1.30075672649783	0.955585588088605	1.10779619552564
K09775	208.117075530179	109.181576346204	1.39406911572269	0.955551092935709	0.930665908010343
K16921	290.760107704649	159.0934743639	1.39552036858859	0.955482829598695	0.869954684070907
K00831	1125.34156712	742.214562998326	1.54408422793208	0.955469296499099	0.6004547455718
K07003	4.20146231060105	0.69252175792536	1.39990449676156	0.955346852502562	2.6009602382776
K00980	107.73628617975	43.2164550660683	1.40134072360541	0.955315167881898	1.31785159780987
K20241	3.08759934423403	0.642531523011285	1.29812137810034	0.955306729932482	2.26464641579042
K05606	78.0860400005776	24.1412877289246	1.47593981091463	0.955285698579477	1.69356201706748
K02973	4.3449754316839	0.693225125814577	1.40436034512542	0.955236801789605	2.64795216868966
K02921	12.5021287427962	1.73975819812587	1.40498126591673	0.955217306358744	2.84521505326491
K00874	588.214832930048	389.857455936287	1.2959490435135	0.955163872054355	0.593396438906234
K00076	94.9336577510111	33.1457050019798	1.29490104600989	0.955125038805336	1.51809773161234
K07273	523.728779990384	308.39365544656	1.2919333099354	0.955112366444702	0.764046800941574
K00815	3.39610104250067	0.708722351507036	1.2929638155237	0.955102371203707	2.26058692909585
K08170	55.5841178453525	14.3015366480211	1.2930726460493	0.955101779069797	1.95850255020064
K03032	2.88424773564335	0.594545669064293	1.25990873541627	0.955018581913201	2.27833554915512
K13290	490.166335082041	288.21202193071	1.54153294059809	0.954909376282315	0.766140887828544
K01766	191.361502317977	76.5813410989028	1.41043457902079	0.954869288680289	1.32123579071152
K07665	228.137783197494	111.925092785024	1.54095665093962	0.954802481715376	1.02737188515463
K01631	56.9340206024755	9.6051713416911	1.54075765552491	0.954768520267433	2.5674077297476
K12732	3.25863005222678	0.543592264380771	1.411696844167	0.954734748989128	2.58366874318191
K02441	70.7721236549162	23.65905037633	1.25827883436394	0.954679883852081	1.58078904266546
K22721	1.76031207501357	0.461819685647013	1.25819350510938	0.954661110787033	1.93042964192719
K02912	4.0679486520617	0.611575652012506	1.54005921835081	0.954649371638034	2.73369859227445
K07491	1166.04886195615	847.851967526751	1.5275357353907	0.954644521920765	0.45974394275136
K01752	625.435635788401	415.048447130905	1.25801352641158	0.954621545437449	0.591581675873373
K02006	94.258249445672	33.7380388863928	1.41281552711689	0.954583170585853	1.48224277246026
K03234	18.6303507111502	2.55255910155685	1.25765754563378	0.95454341372776	2.86763856232723
K00057	688.836516867502	471.018447959443	1.4131318852992	0.954540004182799	0.548378059774276
K02932	6.49683232006923	1.02748745009688	1.25728754403132	0.954462379912568	2.66061569774449
K03522	203.461749602425	94.2594662055239	1.52911649389353	0.954404705284774	1.1100481797729
K22605	414.430497530146	274.205272384507	1.25623226118885	0.954227764370345	0.595873862088487
K09580	21.9592404972478	2.90071268912759	1.53231425455936	0.954133302646178	2.92034884568272
K01193	561.679630496121	287.996179503699	1.53411866367023	0.954109744116701	0.963697810728404
K06411	27.7654973992484	5.93063833392351	1.41589599462899	0.954055316525023	2.2270339408142
K22337	6.73887530501484	1.0918150481547	1.25482333321167	0.953909705607562	2.62577934412329
K02940	4.57489356356827	0.855076738164365	1.2533600344213	0.953577675610661	2.41961237459269
K15665	2.09070937810646	0.535755091969684	1.25278990085895	0.95344991021739	1.96434697021712
K16261	23.6899800695776	3.85181727783697	1.25168931309909	0.953204475780993	2.62066581335763
K10355	3.32805265927858	0.537752621465986	1.47194195242662	0.953086218583077	2.62966370350001
K02872	4.31609037691185	0.799900604063669	1.25072694898715	0.952996604160473	2.43183242805508
K03086	1400.21126047392	1015.92627969054	1.24825521734688	0.952489541722828	0.46284879663251
K22133	5.47006323347817	1.06573342437414	1.24714560323581	0.952282585173304	2.35971089367989
K03531	1317.49304377236	929.78345712292	1.4230393790087	0.952116142976147	0.502828682097093
K02072	140.433087562146	56.1276883595444	1.42371338779018	0.951889152076363	1.32309834264313
K01950	475.129364354824	301.85953174294	1.46935586194171	0.95171023513541	0.654443014697121
K06974	4.27806072852966	0.529811088473664	1.2435408828973	0.951701394052872	3.01340701873903
K02882	24.9790178530269	4.362458530619	1.20784467189725	0.951684790540982	2.51750343061912
K03576	56.1580663243733	14.000436661268	1.24322814162732	0.951657096651895	2.00402143630902
K01586	483.022520918591	322.21736381843	1.20270149867284	0.951631307920953	0.584056215419305
K26365	6.58177253231744	1.3690614079726	1.2106966727215	0.951627756667458	2.26528900863961
K08591	210.329102348522	118.150961392846	1.2024649486501	0.951620965144966	0.832017114943213
K15771	214.120114100821	98.9285987182101	1.24275910594119	0.951598527393197	1.11396077947802
K01356	342.078328545997	230.445243174811	1.20182612483406	0.951593064695599	0.56990272089959
K26604	30.363206617281	4.70085595326924	1.2014346905369	0.951575991314414	2.69132878156792
K00927	3393.51602037282	2454.54489011552	1.21348333194751	0.951537894543781	0.467325272152832
K07393	2.16350674854684	0.579910626456696	1.21348652651666	0.951537774423954	1.89946914090937
K06436	5.27110920337312	1.26745259714386	1.21369178860578	0.951530053861799	2.05617478988769
K02958	5.18825392866889	0.853550179305909	1.20045057238875	0.951517015370284	2.60370121576535
K10206	454.069351059247	323.431792925196	1.20042883370953	0.951515594793242	0.489451159654894
K01616	54.9269048748685	16.184122155608	1.20026454207712	0.951504861161828	1.76293388411697
K21239	2.16907113481433	0.550173542838477	1.21495356596715	0.951481540119843	1.97911869802965
K02824	364.615288915823	220.590474558796	1.24180021064834	0.951479202591761	0.72500456276041
K00075	692.146221056822	513.489869423465	1.21653596055248	0.951416235639405	0.43074103608207
K00375	305.130925035851	190.298543187773	1.19884752773364	0.951397672503425	0.681163887306668
K02880	4.39359667259988	0.787293310805522	1.24101726346431	0.95139546089048	2.48042931239262
K07482	191.831553978045	57.1489037694461	1.19877978741012	0.951391738040729	1.74704231578287
K01535	60.7652528931292	14.6894300668528	1.21728566808274	0.951384135480052	2.04846816791685
K24915	5.51583755776272	1.05081565691638	1.19858231430395	0.951374443775287	2.3920703683186
K01580	353.452480688037	200.582434981423	1.21774214438548	0.951364552602253	0.81732099284324
K02302	173.513614698289	82.137630508577	1.21825995838262	0.951342225653014	1.07893363349063
K02112	4820.26346282153	3913.97858188137	1.24017306491711	0.951310528228449	0.300476141242474
K05864	2.61806889328956	0.604287605854177	1.19774060026364	0.951298584915616	2.11519580436094
K02885	8.4035385605672	1.44564404478582	1.21953854215631	0.951286701486259	2.53928457868451
K01868	2708.8809964364	2253.81108135373	1.22064460463195	0.951239532871848	0.265330424858894
K01581	132.618273698265	53.1929992663503	1.23917233952748	0.951225640582964	1.31797129040303
K08711	26.7611296482445	4.55540439408426	1.23909966126544	0.951219882137544	2.5544879804134
K00004	12.9041720251968	1.78243949710114	1.23889109029127	0.951203367345008	2.85591256430963
K02851	248.360575485775	145.303457495097	1.22177542887349	0.951192173104586	0.773367147435881
K26939	850.764685390532	609.525439050112	1.19674043907576	0.951183194152125	0.481073715166067
K01761	7.95497011801188	1.80084962095342	1.19673492783351	0.95118255906842	2.14317879649172
K01238	5.33939345656043	0.895477355312441	1.23696331610715	0.951076395355271	2.57594700906917
K12952	643.007177408791	433.227233289641	1.23621340574863	0.951039095765337	0.569710905679223
K04076	3.26978093940147	0.874919200291309	1.22622202019513	0.951029728348914	1.90197229108544
K02980	4.40760714289151	0.898020825843283	1.1952276051792	0.950985475730261	2.29517483215738
K02883	7.72660808476658	1.21300421038391	1.22834202438181	0.950975037951878	2.67125066415357
K03931	184.994388082495	89.7129407696851	1.23385804656191	0.950965115198481	1.04409349752323
K09481	2.00099200726412	0.488787099487572	1.23337576217028	0.950954443160323	2.03343729071746
K16055	2.63515562036897	0.567426721064945	1.2326430120679	0.950946754103607	2.21538216719466
K03617	327.796510902331	214.1367322362	1.23245627858444	0.950945595856447	0.614268206722656
K00187	1688.33113645348	1285.5663787672	1.2315103971999	0.950939742585907	0.393193787028818
K02981	7.82882804093247	1.26483259574461	1.19473440646125	0.950916035779118	2.62984990258125
K01620	120.774117646154	56.4105861304564	1.19284081059491	0.950604325124298	1.09827348037913
