	T1_LoCHO_FAT_mean	T2_LoCHO_PROT_mean	theta	prob	log2FC
P94360	713.263974665543	404.130835126613	2.33784346783981	0.979011371602418	0.819613675017302
Q92A41	186.084100186195	38.751300628478	2.33060020769479	0.978930204815527	2.26363815250999
G2K265	863.958814243281	270.178125727139	2.3295640627663	0.978891348308517	1.6770516640319
Q8RGC8	155.514606519638	35.2325149493765	2.34215620917447	0.978683404461611	2.14207072474962
O68185	595.442941511673	149.946699584679	2.32011730508241	0.978308490204019	1.98951350006515
A0A5P3XKL4	1223.21193467142	451.979721377829	2.31887899460541	0.978142300093437	1.43634443708065
P0A4M9	137.626470472599	55.4485523235102	2.31771969963271	0.977947346402457	1.31153627893327
Q8XKQ2	261.321106572067	71.688968024108	2.31607856116243	0.977578226871741	1.86600062440183
B8FPU4	403.358155893009	104.876545625172	2.1697143698882	0.976477877118893	1.9433693548514
Q59754	186.720947465914	92.902520486938	2.1703624424797	0.976451266089574	1.0070941435364
A8FHQ2	374.234658185992	101.070792065289	2.16432527428577	0.976230167261367	1.88857703360487
A6LE88	202.381443570839	91.0155697129372	2.17326647904453	0.976208319697254	1.1528917465613
O32125	137.581713271267	31.7862443414265	2.17389828932583	0.976127132669088	2.11381425431762
P64324	163.723308563867	31.5941552131851	2.17424891307301	0.976080605028913	2.37353013091131
G2K3G6	250.602108052699	91.5862191679813	2.16288162735349	0.976067884147713	1.452196110843
O86233	314.608455774624	159.921824068588	2.16210600932611	0.975972972434216	0.976190614116188
P0A535	530.560712875753	212.482545018207	2.16019696495365	0.975730148250498	1.32017351855307
O59196	164.575500198598	46.6144881018643	2.1595939814232	0.975653581666212	1.81989925340374
P39661	271.08691033833	57.8454694241409	2.15031730591417	0.975110947335509	2.22847957906796
P0DJ98	407.78788658883	137.85829860475	2.14850305156029	0.975102408464512	1.56463280514096
O34751	1821.58020165349	976.945767114337	2.14848310394561	0.975102228976172	0.898840134694349
P0A4G0	98.7099402624776	28.9970159884247	2.18723896493449	0.972637885767386	1.76729093021284
Q97K30	1340.35728528606	723.086699391033	2.1895082391551	0.971806397420998	0.890377071977187
P52040	353.951749726955	118.023394218421	2.1903052718111	0.971503363388632	1.58447985296089
Q08432	663.264610138278	385.274593782159	2.36133872317187	0.97076960660405	0.783697496648722
O05253	461.309936376723	225.387845959319	2.19408093962027	0.970013508866471	1.03332664737039
Q8Q0U0	118.129753678415	34.2042538025372	2.13272593628781	0.969847041969803	1.78812472447487
P24828	386.49263014991	202.123330869796	2.19633947345609	0.969113014979109	0.935205044321735
Q8NXE7	86.9367395148373	22.5288969952187	2.30235507661855	0.968614970160535	1.94818930804052
Q10166	152.089711529699	30.2909498478127	2.1976255086194	0.968611096400966	2.32796383859144
Q9MUK8	70.3224343701378	15.5395562217291	1.93769303806273	0.968361397454302	2.17803970961423
Q07868	1001.56191076027	361.745821761846	1.93794007624075	0.968346070749163	1.46920334442071
Q6G670	205.302647776829	61.4498273919877	1.93488496753156	0.968314971221705	1.74027137063141
Q723X5	176.340187788672	45.4688323039049	1.93443720281751	0.9682430259368	1.95541144171252
Q99335	218.043812553409	76.8289728307083	1.93915756407287	0.968203542543053	1.50489568082331
P52046	154.944136757444	61.7730563677321	2.13048237768343	0.968193054917052	1.32669854460882
P0DTR4	81.8066811432156	20.5281159741444	1.93945133291869	0.968159374092306	1.99461744662615
Q8RY11	349.169545130222	214.21549700572	2.19916693068551	0.968032745094146	0.704864878499888
P0A251	158.417662527301	57.2811127352089	1.93166736301932	0.967612155936994	1.46760177180484
A4VY70	718.630660547233	220.606232113791	1.89627452658786	0.967549874799765	1.70377694201893
Q73KL7	22.9531704154337	0.948246201894246	1.94224146007136	0.967537454313614	4.59728794202142
A5D446	216.768023513879	75.4259151389439	1.8950564598577	0.967536919572191	1.52301975281422
Q927I2	232.934096757777	54.3186509383607	1.89438182505804	0.96748359366356	2.10040228159869
Q73ES6	715.317001476029	189.658738824943	1.89418461667425	0.9674680343183	1.91517688394014
A6LEH6	41.3262832322315	8.78060173435379	1.89412960372722	0.967463696228265	2.23466790157355
P15075	15.6046258021514	1.01829117511461	2.20083114257061	0.967447966471706	3.93775170521322
O66381	386.488595730696	206.78881237172	1.89376604499802	0.967430579286128	0.902267709118548
A8DEZ8	1877.5005819672	806.594246086915	2.20092686391867	0.967416500014195	1.21889833563309
A8MFI7	317.87789756096	119.674101367768	1.9426921412097	0.96740974108929	1.40936173470381
Q5KW36	472.384583889593	177.389375949234	1.93105680251505	0.967405573087918	1.41304227605552
O87172	179.434755876287	62.9446494264196	1.93071535393034	0.967290488371798	1.51130370943088
A9KPX7	641.441539371007	239.078093928803	2.01726254726057	0.967277210794684	1.42383583896559
Q5LA59	249.664996677065	68.5573014259075	2.01739899310284	0.967273082743147	1.86461134005699
D0ZLR9	163.069588079334	52.5895281105812	2.01418581598786	0.967199983792117	1.63264029285466
Q8YQ14	103.909224009143	38.6773098462506	2.01966217671168	0.967168072391598	1.42576436929037
E6ER18	945.880905246634	341.516857738739	2.02012723011573	0.967135982863851	1.46970175329033
Q839B2	246.917202056613	93.080985306227	1.89986885241188	0.967080143462414	1.40746896111514
B3QZX0	13.5663458053084	1.27221080919737	1.89184779749506	0.967077178950144	3.41462251810237
P40740	1585.81907477716	931.875550703872	2.01198977308635	0.967009535841485	0.767018979061504
P69806	1617.12808895444	576.990525601476	1.8908938952992	0.966846585418488	1.48681442126588
P46906	166.966565923409	58.6416630794326	1.92945682615404	0.966793114542513	1.50956131634862
P96792	38.3825537629371	9.66694017098283	1.92939270951741	0.966767194986074	1.98931948577328
P00497	1016.42838515001	501.190584410003	1.90174558721326	0.966548707673922	1.02007735338058
A0AIG6	577.431596936515	183.838580253121	2.12817592498279	0.966480400090127	1.65121049219769
Q3AF41	276.855619219082	74.4650038322969	2.02581409026896	0.966401268593153	1.8944993344423
P09832	140.40123924926	31.4854036101314	2.02582746314733	0.966399206346053	2.15680060319052
B3E2S8	131.452534006155	41.1316743071124	2.02613237456459	0.96635172765906	1.67622024847678
A8FG94	347.480748450123	129.754989359359	1.92807462897851	0.966186272802481	1.42114303572231
P52076	8.13794677641904	0.620655042615582	1.90294756977473	0.966136893824779	3.71280129231556
Q8GNC1	68.7536727387032	19.4544545605802	1.88852736969096	0.966082576787216	1.8213362502044
O34450	765.98170385467	447.464146741152	1.90329096119248	0.9660074280186	0.775537842082587
Q37888	178.95876212828	20.496128236169	2.00376138327925	0.966005550899624	3.12620387000461
C4KZM7	14.3806651484468	0.730034045031575	1.90332589145544	0.965994244892706	4.30002285058791
P73212	14.6850756639594	0.927131987372754	2.00336533582089	0.965967708644492	3.98543215197466
T2KLZ8	203.106862623182	111.742387103781	1.9477298885648	0.965891246589515	0.862062441184775
P36204	205.484288475566	65.0860475546193	1.88796467822939	0.965882304673757	1.65860787605269
Q9EZ02	474.459100268184	243.443370842296	2.02957586778086	0.965821698517328	0.962697512764422
Q899D9	189.523975554608	68.6466505515261	1.90396326368294	0.965753247668184	1.4651191323762
Q55717	581.071557282417	202.035480761123	2.03035589803264	0.965707416060998	1.52410716203367
Q2YJJ9	12.882511158843	0.999031227367496	1.99997390515803	0.965695326616607	3.68874025795221
B5YF30	47.0689267078324	11.1321328084333	1.94917403609768	0.965479208995497	2.08004493075026
Q9CE00	75.8447384055196	19.0186813453781	1.92656834526464	0.965476400977923	1.99563187869495
A0M5A0	30.0374883329852	5.83373236699243	1.94919030595065	0.965474640934366	2.36427307636418
Q8RHX4	41.0888671196639	2.36719264262698	1.99551173690441	0.965373601571169	4.11749853105187
P69791	23.2462031002495	0.536511174103466	1.90499515755478	0.965334603660621	5.4372430650093
E1XTG6	9.9539528688177	0.743406501893501	2.12634731244739	0.965199992603588	3.74304634468858
Q5KX27	514.621833087014	187.874433387016	2.03453594596341	0.965193140842016	1.45374391231901
A1K3W9	388.32804114836	150.416891700928	1.90541829233209	0.965160624217548	1.36830929829074
Q49VV1	77.3104795151481	15.5561174581545	2.23789989778627	0.965156461490728	2.31318195305307
Q8R7V4	547.618796811156	194.105877830408	1.88605482697997	0.965129745615388	1.49632816163389
Q3A944	346.746850056317	73.9785186382336	2.23835974418452	0.965127537563276	2.22870445974213
Q30W70	72.5325055447632	23.8388063320777	2.03674100673243	0.964985271272463	1.60531568756148
A6LEH4	70.0004084543508	15.0014020029797	2.03678473751215	0.964981682657405	2.22226600164539
P59852	204.536307866841	81.5944067079031	1.95107128501502	0.964980228671768	1.32581479908493
P56839	29.1835076956954	3.23947756307589	2.03768745738348	0.964907367639304	3.17132022690428
Q99TT5	122.159572025385	48.0841698455449	2.23362140796446	0.964882606651967	1.34513299621858
P27771	220.783544961281	94.6973216426701	1.88542938568539	0.964874249083921	1.22123712465572
Q9EV94	314.387688644753	147.586231886116	2.36777696584976	0.964860437976267	1.09098658240474
B7HXH0	64.8298609624156	8.31994953384225	2.21161236684076	0.964782760673477	2.962011796263
P52217	141.762996243031	71.7604512664405	1.9250339896363	0.964741292205946	0.982220133720022
P75442	216.721092990506	77.1343653998431	1.90643552462032	0.96473562213988	1.49039390734582
Q898Q9	212.837625667858	122.419287844173	2.29827937423578	0.964693850635256	0.797922333969834
Q8ELI2	259.761273625945	52.0964119380285	2.2982703990103	0.964685694174471	2.31793044579075
P0DB18	308.196792047286	132.955785590075	1.8849034523735	0.964659400777712	1.21290528759193
Q8A9V4	184.897324773713	84.0546369194105	1.95245833517771	0.964657901074892	1.13732503713298
A5GEW5	274.11631812729	64.7646220332912	2.04210997455833	0.964635362233113	2.08151035954476
Q929G7	1602.06781727499	767.982309938828	1.99047858155325	0.964609184715857	1.06079023515685
Q04944	462.312312707918	213.666735611028	2.0435998610471	0.964571361295724	1.11350546456726
C5D7M1	282.424631008314	92.9297272438964	2.04604119581449	0.964500210916275	1.60365383684839
A6L0V2	73.372689112482	19.2352928597772	2.04741087726562	0.964473416209768	1.93148736595236
Q1RHP1	71.6746462603578	2.85245454741843	2.04774950156792	0.964467624263701	4.65118707616235
P20665	67.0236853328556	17.9420039100138	2.04993109114356	0.964443618855472	1.90132998481498
B7GK04	68.2499707107533	18.2148837530488	1.90722148986285	0.964407369499161	1.90571063903994
Q890U0	255.445665562213	114.429841447337	1.95382748152885	0.964362406992788	1.15855312343618
P48790	87.5269393126743	23.5886520982301	2.12492345032969	0.96429345041263	1.89163413993087
Q0AWP3	96.3293031169428	30.1277578741295	1.90751153870172	0.964288751841595	1.67688141812013
P37419	168.384080492091	58.0264791917848	2.05771432648614	0.964205432085605	1.53697244852083
A7GK13	360.497137495514	78.5993267045518	2.21546928401039	0.964159561209874	2.19739894460997
C4LZC2	742.159427554031	298.551150788902	1.95505284543784	0.964111713067444	1.31375100408801
Q6LYB5	128.387646449646	36.4816580718789	1.92363554332934	0.964097414497352	1.81526318617416
B8NGU6	486.235318025407	181.581403383933	1.90798868961884	0.964093151953674	1.42103823135925
Q72VB8	273.200482367215	123.015532283071	1.90834807856307	0.963945442998137	1.15111954512433
Q03EB4	274.962408423856	80.3472676766876	2.29730708664454	0.963825316575711	1.77491352464477
P15885	47.3314075302524	16.9677374817974	1.88214020689188	0.963544128050628	1.48000361989966
P0DJ97	354.166630771872	144.888484967411	2.22158410824758	0.963526457466267	1.28948534813851
H6LC29	571.265595101896	277.626991591687	2.06305016887417	0.9635171010498	1.04101380798803
C4Z0G2	486.062399971659	237.197992573494	1.95807544457726	0.963496947454498	1.03504973648871
A6LEI8	82.1534868767346	21.9631124502958	2.12340582880205	0.96344869041956	1.90323929248704
A1AEQ0	153.776799882533	32.0720996689956	2.12329140035646	0.963389290406547	2.26144715096477
Q6WHE8	30.5932412676142	3.43024366842271	1.98620920389876	0.963372515344849	3.15682999702322
P75033	78.5944994129239	19.6136168866801	1.92183682337331	0.963351758087542	2.00257274321999
A6LEG5	77.6435594614021	22.9919449174539	1.95875498242561	0.963351078062018	1.75573774732196
Q9K838	145.930340132495	42.985452470921	1.95892072432085	0.963314373651953	1.76335946524253
Q5HRR2	111.253514341696	19.3609634499098	2.1025432563126	0.963218556523279	2.52262825788064
Q2RFX7	38.3900433747747	5.31708097744499	2.10266395087506	0.963215532068021	2.85202584672129
P42182	131.391036943447	43.6119680553315	1.98569826127287	0.963188690197052	1.5910708624182
E0RTD9	831.519198377015	353.458569524334	2.06500349839499	0.963140277672075	1.23420845315272
B9M3M1	73.9156202429929	20.0836544853803	1.95996866787374	0.96307951678324	1.87985746406392
P80907	1249.77505382194	592.577236081335	2.10545183105048	0.963043638004225	1.07659333734548
A7GRL4	594.579600664568	196.71232580327	2.09928018987628	0.96304263954291	1.59578260858496
A1WWH7	78.6868703211761	12.7720512108712	1.91101925322889	0.962998238243933	2.62313268527803
Q5ZND2	189.394268348931	66.0841232802527	2.06576785163443	0.962982970493703	1.51901706030068
P39342	293.919422671749	90.0649459128728	2.09841266433756	0.96292847001982	1.70638308725775
Q04QV4	238.733611247456	59.0596257853002	1.96061191494394	0.962925318845962	2.0151575770234
B9DJJ9	104.481979786964	28.0091326066039	2.10685900953586	0.962857711794451	1.89928492780537
Q0SRS5	140.028850020952	33.8649998894026	1.92007752741656	0.962769044332939	2.0478571988275
A5GW13	255.176373801265	79.8704110710976	2.12178021585907	0.962701310767748	1.67576171546957
P52694	122.132744221874	50.4751724450435	1.98411386966427	0.962612561021939	1.27480420429301
P24183	505.694706550815	215.146223616457	1.96194851553548	0.962592114303813	1.23294915947132
Q5HPJ4	443.606922323258	172.542803324112	1.98393778988879	0.962547336770968	1.36232757747787
Q9S3Q0	364.720606389696	161.761003607637	2.09546655192065	0.962422465681986	1.17292785972346
A7GT67	418.568748853114	162.738786776068	2.10962687168734	0.962375168651127	1.36290646072745
P25718	403.730003400559	116.606078169345	1.9834684961623	0.962374447308654	1.7917478134817
P49938	722.347307297473	299.581670481295	1.96279583984882	0.962371033977465	1.26974330005513
F1CYZ5	431.606748842015	149.953119588032	1.98314867727096	0.962256220701672	1.52520588778677
Q9WYC4	1371.31763430794	731.517747973348	1.91458660436124	0.962253388653589	0.906598004722198
P0DPQ5	159.827849386919	60.1827047241193	1.91668841236559	0.96220983784606	1.40909796354808
O07592	317.116156091861	124.031077786729	1.91534088363504	0.962204046477551	1.35430972609533
P0AEE5	52.3951805621347	14.7031522439107	1.87803279091788	0.962188649988167	1.83330862416286
Q632H1	884.71875577555	312.9696111664	2.11980685855773	0.962041747164454	1.49919632750564
P80077	241.313504119691	95.9842879017394	2.37101586755386	0.961945960359419	1.33003848326211
P40406	454.523875090677	149.261469427015	2.07100341360862	0.961863741879308	1.60651428371754
A1VTR6	277.7861520179	117.403941624161	1.8762843776251	0.96178409228328	1.24249383585829
Q8R6B1	36.5143261535506	5.96254217886332	1.8760112904356	0.961735139168919	2.61446313503355
P00269	59.528965816197	13.0245726338486	1.87581757720057	0.961703694463118	2.19235579581431
Q8RHX7	95.4513082727985	25.3169420894001	2.11398461111286	0.961677057220461	1.91466181244744
Q5L400	151.390510876342	43.0864175516694	1.98147790579967	0.961652866461931	1.81296972562625
A4IS22	434.050168595369	212.882273682911	1.87549163280941	0.961650841119601	1.02780597836204
H6LBB0	226.448286019525	77.4201461322066	1.86263321397269	0.961538832906309	1.548400683849
A0AJY2	368.544518976027	130.047161274696	1.86186551515446	0.96153384495263	1.50280399484566
Q45607	98.1818799925879	16.9848283703962	1.98112269347916	0.96153106980147	2.53121015174587
C4Z1Z8	261.199815536414	109.610374403503	1.86361612245681	0.96152834918816	1.25276952505841
P0A9C0	268.674202533464	89.0337429544616	1.86392015771504	0.961522113520264	1.59343369107588
P81109	103.645004219017	47.8277328530586	1.86085727606031	0.961504748759071	1.11573126802257
A7LXU3	963.122340803941	427.809797853043	1.86528180733517	0.961478846072117	1.17074954432975
P29767	322.364670733655	109.951406287739	1.86558426187689	0.961466986144094	1.55182758516109
H6LC32	481.19831930945	276.999977551382	1.87393282051416	0.961443627182411	0.796745744238649
P42403	1008.06509828983	366.901723843546	1.86622922894729	0.961439075423575	1.45812321939257
O86185	258.170409978901	110.198222147837	1.96651077235201	0.961343388802389	1.22822270785622
P26276	115.382746352317	40.312777968557	1.87232598968297	0.961325884289898	1.51711839971979
Q8RQV0	157.118796376029	40.7924750377694	1.85817350713926	0.961323399850736	1.94548083409484
P36260	21.8107763040113	2.49665485833754	1.86962279991624	0.96130255170789	3.12697282064309
Q5HNK7	164.993512019193	57.0862780839605	1.98044761642712	0.961301556990939	1.53119338544857
Q2RAS0	547.120017078498	187.084892890707	1.87149499698487	0.961296427479336	1.5481642738855
B2RL52	74.0237731888477	22.1692200644974	1.87057793344278	0.961287796254964	1.73943065988798
P03833	3712.72665807331	2885.07454737472	1.85759141507526	0.961262383228795	0.363870506506668
Q9T1Q7	145.193104125471	66.7068204119466	1.85746513868018	0.96124916869406	1.12206675303826
A0A0H2ZHZ4	283.915676672132	76.277544576758	1.96690210841985	0.961236130423619	1.89613220280128
Q59266	1012.03428438454	452.951233023699	2.07455809149879	0.961229642680631	1.15983052856939
P84999	179.2799237037	85.1620613671335	1.85611278325122	0.961081424341284	1.07393116390396
P55631	998.681097491765	358.513128760227	1.97962582619419	0.961053099870743	1.47799811346317
Q8YCB1	72.7912933203558	17.6351637672016	1.85579465032969	0.961039950275285	2.04531092447799
O87444	347.57171993111	137.671304617486	1.97956019305772	0.961033443862414	1.33608281838745
Q8CTA3	303.50240097268	90.5433188396772	2.08762290261036	0.9609647421356	1.74502783527586
P27643	141.506065458772	61.0457189988933	2.07732860119997	0.960876612119811	1.21290186261555
B1HUU8	493.604583968982	127.103596030712	2.07768680193076	0.960844979872245	1.95735094463117
A5N2Z2	204.396586485353	82.4586760965103	1.85430332329063	0.960819354868448	1.30962789928211
Q73KH5	233.417574837393	76.0676243594137	2.08406718377004	0.960664726080369	1.61755873618723
A3DHP0	429.540099435132	178.653808779835	2.08173845831821	0.960621545883338	1.26562614795757
Q7VMF9	86.928077696214	25.1425493717931	1.85300071680288	0.960608781867385	1.78969129989527
A0A2A5K1W4	302.401667267868	126.368789665557	1.97673624612809	0.960377126226443	1.25882590046234
Q8ES77	248.464168838176	111.914893758811	1.97636474813892	0.960316559538505	1.15063577034446
P63396	237.019091265716	91.2855735492253	1.97238924572353	0.960193979159736	1.37654448421341
Q49YC7	527.532511664371	111.935384088111	2.2753122799609	0.960038954977942	2.23659384816663
A1U7H4	128.832222167409	16.0800569656492	2.37357357724903	0.96000494824118	3.00214904780278
A0A0R3K2G2	290.474026524292	120.036616844398	2.2514500523869	0.95999493745999	1.27493460396058
P50972	492.6969864492	206.53266866962	2.2760350895826	0.959974507755472	1.25433064699097
P36911	142.356003851982	58.5459983203829	1.84896739012264	0.959942621449876	1.28186087039129
Q8VC12	120.737478564137	24.5058378865208	2.37390220070912	0.959773606370046	2.30067619755354
P0AC11	43.8049302605463	14.3991229534488	1.75408553276447	0.959708756201305	1.60511231461469
P50598	104.649009473754	32.4347831400381	1.8474281080883	0.959703729303885	1.68994495816994
Q48544	172.782250107828	82.3532465436668	1.75330683213957	0.959701725639585	1.06905758693479
A3DGR3	176.105644922154	77.6015486003579	1.75327251876746	0.959701416821884	1.18228380638338
A7GKG1	32.9192898027001	4.32951748612732	1.75323409036237	0.959701071067411	2.92665505726697
Q03KR8	92.8377294097915	25.3027229378759	1.75291029879195	0.95969816190981	1.87541859015676
P18159	1432.98020922167	1044.2955619235	1.75254434537155	0.959687660365428	0.456488596085866
A8MJW4	109.020970988736	35.61268807856	1.75620545384131	0.95968114675718	1.61414243386322
Q9WZI1	365.513801117968	141.06008716084	1.84725355027141	0.95967727364979	1.37361604441008
B1XYE7	125.638261643183	42.8054860284475	1.75659908436497	0.959668721058231	1.55340827482322
Q03FS3	109.638396278429	32.8708802845731	1.84689236926015	0.959622592740736	1.73787113306742
Q184E3	123.725638893242	54.9198232193048	1.75066447471434	0.959617129579337	1.1717456052656
P46320	298.630273365111	121.176883310825	1.75791449645273	0.959614174353576	1.3012459199454
Q8GR70	729.671053660052	267.767842911843	2.40309620551605	0.959604028627423	1.44626350936184
Q8CZD5	547.47499979419	186.115036201641	1.84651401919107	0.959568877111675	1.55659847099269
P66010	246.368065087336	120.470229284318	1.74916145203573	0.959526986862523	1.03213859166232
Q5KUF0	123.263440923402	27.266076069389	1.84605257036737	0.959504121043419	2.17656597152161
B7GH81	183.64348785146	80.9784640682933	1.74833262088439	0.959466650535183	1.18129755327357
O05255	277.095334378303	136.114358427939	1.74805637730637	0.959442728778723	1.0255631576483
Q2SKC5	90.2407480275886	39.8180881075716	1.76051965740315	0.959439674796938	1.18035507589425
Q180W8	298.271540202468	141.534821382197	1.76061760695437	0.959431036083929	1.07546928982996
Q3A2E7	144.280334218385	55.6868742861738	1.7609001527177	0.959406075114861	1.37346544887545
P94316	522.231234155065	307.486732185478	1.8451266922678	0.959376911366501	0.764164585833589
P62031	26.1620801052662	6.03479040028393	1.7469979259408	0.959351141916238	2.11610168235009
P16940	397.832335790593	155.939235006804	2.26573497843559	0.959309125867047	1.35117658089895
Q320Y4	31.7194776002154	6.63135891403421	1.76228471183589	0.959273180181681	2.25799256467289
P29579	20.689398078025	1.9699317200566	1.76230895478212	0.959270608788397	3.3926741428054
A0PYH7	493.752434241549	269.346903750445	1.84352975558203	0.959173198736084	0.874322379883781
Q72LL6	82.0884834346052	27.3696530321677	2.26485478005127	0.959139708509212	1.58460268834434
Q4L7A3	196.056838953114	57.119005826711	1.7449882814002	0.959138528487533	1.77922919338338
P0DG48	6707.30911090956	3012.96336429251	1.76372372112826	0.959112425293726	1.1545509603785
Q8CVD0	92.1317857921084	43.9479263233507	1.76383774531347	0.959098704167852	1.06790388347617
P9WQI2	58.6598867475773	17.3505100517304	1.84287739280007	0.959094915743654	1.75739621150873
P0A9N8	164.447066309332	72.7949066609	1.74454006939405	0.959086976308893	1.17571385503374
O64207	23.5132117438026	4.01065429084205	1.74366875980409	0.958982828983109	2.55156209508346
B2GAL8	63.6119673256497	18.9834821987853	1.84179034405828	0.958970943097489	1.74455355076099
Q71XF9	86.1859589165512	26.0330640251966	1.8414437660449	0.958932826943941	1.72710772689601
Q9AFI0	258.355947543939	103.52239104496	1.74315511050684	0.95891883870984	1.31941725145393
Q8CRT9	188.206212797164	93.6635538509962	1.74308978149327	0.958910711846559	1.00675456908215
Q56992	1085.29433182475	472.716438306741	1.76558085033743	0.95887627825898	1.19903941547356
Q9WYI7	337.121704737612	173.571317105337	1.74244793795658	0.958829526064271	0.957740954449395
A7GZK6	169.445387803871	76.7435676196191	1.76640063281651	0.958763514174132	1.14270262915636
A4IJL4	563.595924932477	240.23535473239	1.74175666677525	0.958737758913686	1.23021269644663
P44873	42.6962440091621	9.11354531999422	1.74171415186693	0.958732124229719	2.22802486088315
P32382	82.7983927064321	41.6523776749777	1.74148132206121	0.95870128520983	0.991203909784339
Q3A7W6	96.1920095109802	38.3334834624874	1.83893718008046	0.958674427759871	1.32731195149933
Q9KDX4	128.031033875481	42.744129759993	1.76733738071132	0.958628409068833	1.5826953453095
P96669	196.045324836819	106.027189592871	1.83831331510404	0.958613972672937	0.886752961115998
P94424	69.4671648338052	24.5522587582517	1.74080031130337	0.958609405164654	1.50047546208424
B3DT97	283.838780145664	107.89723857752	1.76766325620615	0.958580672355012	1.39541377220117
P0CF91	216.858701546225	75.0569642000957	1.74047980020476	0.958565398044977	1.5306974887141
C1C6J3	181.744823140892	38.9107886996901	2.25629600456936	0.958510781221023	2.22367214235783
Q9Z826	6.71244026602993	0.671370374610783	1.83721875743211	0.958510612565242	3.32165656250303
P37874	302.629206411846	46.9864156652427	2.25674531771469	0.958458226071014	2.6872356053915
Q8RBX8	80.0212110099921	27.1395996883905	1.76865466213736	0.958431041051151	1.55998302100809
C5D8M2	180.107478914654	64.9384130018883	1.83593545781925	0.958391012824214	1.47171405716284
Q04605	89.6181203698954	28.1076106046076	1.83545020575308	0.958345974930509	1.67282965095171
Q839J8	85.6525361766181	24.7743608455025	1.73887779965908	0.958341705229548	1.78964812746834
P39897	75.3772174210638	25.1516220098866	1.77024221139277	0.958186328674168	1.58347709695444
P06278	477.741921277408	165.197156873502	1.8327719315717	0.958084340422126	1.53204261965286
Q3AFS4	121.72930654564	43.9746232313166	1.8326016881225	0.958066782897575	1.46893341920403
P45359	352.508829741573	163.748962002023	1.73666984839617	0.958021523154192	1.10617363350616
P50848	471.383489551359	120.278680668609	1.8321236893577	0.95801705332246	1.97052028008388
Q71VU0	572.47109850404	228.221841654918	1.83174251375886	0.9579731260053	1.32676599048917
Q02603	245.661168463365	65.3822596364556	1.77188597618033	0.957931886997632	1.9096986864623
P0A3Q0	494.433705926518	216.518629338365	1.83106485007534	0.957895121968732	1.19128593594998
Q4L8H5	278.701976788569	91.9513575168498	1.73578232177676	0.957886246883483	1.59978045625809
B9VUU3	49.0689932742504	1.05533034282155	1.73543712426863	0.957833704528523	5.53904510092844
A7MX59	600.939038115074	257.91765396754	1.73537681417733	0.957824528914369	1.22030811885437
P52041	498.480954066016	142.556857915344	2.54347410666754	0.957820397199682	1.8060009392672
Q8Q0F9	135.13494160156	52.0128455019986	1.77292653038357	0.957776033226156	1.37746088628943
Q5R1W6	83.3225644656553	21.4454114942631	1.8291260190343	0.957639993912413	1.95803824405066
A5D2R3	1995.71500122728	651.305087220872	1.82901755106121	0.957623055081459	1.61550031036994
A0R3Y2	190.836524026027	95.902358601596	1.73363344090223	0.957539048030157	0.992699111722513
A0K4S8	235.184048496614	102.036551769609	1.77492451830865	0.957491273592824	1.20470416147075
C1EWE6	17.6873940329943	1.83131397354626	1.73328842098448	0.957477902529773	3.27177044124057
P19780	541.368937884358	222.295714421931	1.775161814608	0.957461338974943	1.28413197712933
Q6REU8	369.714267918381	152.829801913735	1.77520327052762	0.957456103398554	1.27448482341128
Q88YH3	110.898919526119	38.8217939952473	1.73233606346231	0.957309217191692	1.5143066164418
P33747	81.9932080514599	37.4972167507584	1.82707403955958	0.957300737534624	1.12872089347441
P27876	65.7345165814153	18.1894577559944	1.73184403150381	0.957211982962946	1.8535485796135
Q826C5	399.169514734315	135.683132425597	1.82648072262076	0.95719166374521	1.55676016183648
Q8EX18	185.321324190017	62.4363280132178	1.77776551301941	0.957155816922345	1.56957129854404
B0W429	356.799340900553	100.663891599685	1.8261029727078	0.957116694880157	1.82556667256999
Q53479	41.5330350641134	14.2627784045417	1.77927275673347	0.957019574030991	1.54200425415922
Q7AP87	267.031734942825	67.0809868854681	1.78070191954824	0.956920800748467	1.99303538791147
Q5HK76	89.9024768264704	31.4851522874214	1.78117288337106	0.956896886069678	1.51368921735083
O33259	394.444473014184	179.434452919971	2.49003735489158	0.956889643508978	1.13636529615409
Q8X5L7	82.7995199068643	28.1423081185168	1.78185976362262	0.956864407947131	1.55688174517723
A6LE80	83.5802834795377	30.0682082448418	1.78187485428243	0.956863692588055	1.47492375113698
Q6MTF4	216.082615900126	85.6230342675074	1.73006777582349	0.956839513877877	1.33551214327834
P0DX45	766.070384146635	385.514325208756	1.78417035941338	0.956793849659538	0.990692478740265
Q9FF10	267.804661822048	110.283883901392	1.78420444618297	0.956793266520534	1.27995909347199
A8FD14	367.384973361288	83.4186123061218	1.78430102675825	0.956791613548637	2.13885140122849
Q9K8D3	108.392114122838	67.1721475171178	1.78475619837853	0.956783808934769	0.690324741547447
Q49ZN7	683.331541919426	221.613276083057	1.78688810180271	0.956756136181768	1.62454141091541
Q9KG46	63.5961893043997	16.6330534504466	1.78703246826492	0.956754265642454	1.93488728259523
Q84M96	140.79478615124	46.1672851008526	1.78739400180861	0.956749574101348	1.60865110842087
Q9Z4P6	1104.70979899828	570.715799188096	1.78869539517399	0.956725370733995	0.952823024613251
P0A067	86.1629322243253	25.3661263014434	1.79038975445423	0.956665290006227	1.76416412716464
A7B3K3	377.081643361302	256.52099099038	1.72926041990768	0.956653970160301	0.555800034920077
Q8R922	91.0819102171085	32.1714888935577	1.79103464864074	0.956635329041794	1.50138184341125
Q68WJ2	153.931570724401	40.9829005832708	1.79157509270572	0.956596378686892	1.90919515229334
Q59676	179.934105767652	91.3018492568961	1.82331198125221	0.956479105932168	0.978752682978454
Q8DP17	75.8153989258027	24.5260281902834	1.79456196143033	0.956278668371387	1.62817728612311
Q9XBQ8	103.40741272703	37.0743712031682	1.72772345148149	0.95625436811643	1.47984547919937
O35033	386.967331057205	229.01951460523	1.72735174129042	0.956146444691171	0.756741240193374
O31634	65.3816494657643	26.8893289651678	1.72716913240618	0.956093406472402	1.2818520216798
P94439	89.3305005294011	27.9784258518294	1.79611065879252	0.956026398427216	1.67483805101643
Q11WK1	35.7412172378886	7.20392909989814	1.79663436560915	0.955929462920181	2.31073288143493
P42977	118.767090920629	32.4545814479169	1.7263117062664	0.955838505800027	1.87164108066164
Q9CIS4	282.562520432557	97.6457024758446	1.82092216385198	0.95582231085779	1.53294166127576
A6H584	13.2070307920823	1.82484538351751	1.7258248730381	0.955678762042742	2.85546001914344
P43951	23.4119575236734	5.2993906538878	1.79786319112534	0.955671724329461	2.14334717908844
Q3A709	97.2852976973342	44.7200870312068	1.79831409615536	0.955573412313861	1.12129879741202
A6LFB5	90.8611030592786	22.2575743237223	1.72503237183958	0.955418422261934	2.02936644653517
A7GSZ7	102.554269514312	38.4545628652198	1.79902911071346	0.955404234971595	1.4151608570936
Q07596	29.8964865797615	0.529675921064403	1.81909733731169	0.95529166940182	5.81872221378749
Q46829	1140.79798809967	525.83158572759	1.79976582859091	0.955227691840171	1.11737063288821
P9WKH6	824.107339699112	382.512055384892	1.81839062761988	0.955087437173076	1.10732704317509
Q3AA35	88.0442596857925	29.058481788817	1.80103084855453	0.954910960822332	1.59926961740143
O34359	23.474867832888	4.1415492241604	1.72347139184015	0.954850005535876	2.50287459437128
Q5AW25	88.704369528092	23.7330664121402	1.81754598941182	0.954844471401329	1.90210665778451
P39839	116.534301611471	56.8237968933018	1.81745378949924	0.954818459558883	1.0361875325587
P37609	29.2996478365267	0.517012620380573	1.81713702011296	0.954732981422096	5.8245400167908
A0Q3B0	98.1805331287208	56.4137244949495	1.72231444665274	0.954390777608825	0.799390812313046
Q98QU5	134.736877470578	45.4222670224102	1.81577254558524	0.954373720021923	1.5686731525726
Q8A6K1	66.7727837465799	21.0860443201624	1.80379262082694	0.954249165376334	1.66297171203596
B7GJM6	113.915457701381	41.7526834383095	1.80502533343096	0.95399911655492	1.44802269865611
Q9EYM2	90.7066901502125	32.3106970539284	1.7213347945704	0.953982483865851	1.48919708701533
Q9KCM5	66.1567912451554	22.399274546449	1.81395656023259	0.953976660080031	1.56243725427118
Q0TQU8	40.0291235098145	7.79843941167215	1.81330088370437	0.953854390369051	2.35979267398809
Q8R9A4	450.484002668945	215.676749020323	1.72069268472309	0.953710004384386	1.06260521929293
Q97TN4	406.87067282702	119.094170640775	1.81203226070761	0.953676733815076	1.77246749628424
Q5LG64	104.73293248828	33.5233920542375	1.81177732824716	0.95364359253366	1.64347511809004
P0AET8	38.6309275650209	10.3173916764734	1.81102371585528	0.953587581485554	1.90467802705786
Q2G3T3	8.07451115444501	0.711728927624121	1.8083678278155	0.953571059620707	3.50397513967564
P75377	99.9893088794877	33.0308788727109	1.81027065459998	0.953543649901292	1.59795848957659
A7Z1T2	58.3777723349329	1.00914859726268	1.80943963257776	0.953541553345936	5.85420862717486
B0K5A3	111.640743238799	51.2611275757553	1.8096627768939	0.953539832117452	1.12292651554445
Q2FJS9	59.8742834610156	17.737255612935	1.80983938600711	0.953538469258222	1.75515367894222
P55071	131.170531036337	60.0791088848654	1.60935939175039	0.953302054396296	1.12650831883019
P54604	224.823338335583	119.635907534631	1.61011670980264	0.953300291332203	0.910141340632492
P42904	378.787818623697	126.846041721085	1.60888507580883	0.953299126922661	1.5783114358979
B2TND7	97.1815879556371	36.2484845737315	1.61052049961068	0.953298592617645	1.42276232421185
Q796Y8	28.8011732666194	6.42700844456368	1.60859680599606	0.953291423078697	2.16390831052139
Q928V0	45.5405589473994	17.1692251175979	1.61108106457317	0.953282397242225	1.407327069652
C5BBR6	181.871148368223	56.9527537093254	1.61137694417097	0.953273848396077	1.67507919108546
Q0AUD0	256.012869799228	88.2964496318349	1.61195208027895	0.953257229927729	1.53578900260064
P14491	40.2235902696128	13.5922016807918	1.60742325595127	0.953255510100186	1.56526269472054
Q9WZS2	430.234775769578	219.992509715797	1.61226548236041	0.953241289356255	0.967669738312719
Q8BVM2	164.538471883044	48.2476182869887	1.60704985910398	0.95323279608172	1.76989531842453
A6LF25	55.6774111434472	16.2499547570935	1.61313781624973	0.95319639571269	1.77665642971935
P19072	160.825762155489	82.5375612375781	1.61323853379375	0.953191209393889	0.962375809314069
B2UY96	89.0193821637584	35.9892411107976	1.61345494654614	0.953179663349688	1.30655380673363
Q58128	204.726999453956	56.8963331541234	1.60602672877283	0.95316846757269	1.84729379587518
A7GR71	165.152980458751	67.3237528737112	1.6138386455836	0.953154202703009	1.29461550052487
P53561	153.441229072584	63.7257554308871	1.61389520459352	0.953150447914183	1.26773770582846
E3PV41	91.3316371316335	52.0737561715152	1.61393017294339	0.953148126238863	0.810558219408704
P50200	119.162059101742	50.6123094517011	1.60533843851692	0.953104179358869	1.2353647469815
P29849	1380.46163745682	759.994172313839	1.71931598985794	0.9531012712642	0.861090535466305
O52683	164.878090026469	102.189154245849	1.63655239393703	0.9530865147709	0.690157612424584
P44885	464.93782396142	239.595689492933	1.63766232419103	0.953080141747712	0.956435844622992
Q4L3K4	180.060142600204	77.528382734604	1.63787616056235	0.953076222530762	1.2156823920299
Q5SII2	668.080392605002	304.349257495056	1.60501506725776	0.953073921421891	1.13429387186721
Q887Q6	1162.99821678854	569.118710310962	1.61509123221918	0.953069012765242	1.03104736943116
Q81JX2	116.519407323516	57.8115147620524	1.60485746583427	0.953059162036677	1.01114148925744
Q9LBG2	233.967545613316	92.8863042861757	1.60470179361121	0.953044575220544	1.33277062505156
A0Q355	207.760913581135	119.170442742942	1.61565488431278	0.95302588607127	0.801897807431496
P71355	216.667238051201	110.604097087648	1.63435125794924	0.953013675760067	0.970076193976675
Q5WLR9	69.4390240311682	23.8311573571109	1.61588449509545	0.953008295269022	1.54289765324669
Q8DD25	275.960846008674	118.781116690053	1.61590173537666	0.953006973938288	1.21615808753804
Q7MVS9	34.1823341636966	7.21368087520278	1.63941565823417	0.952998807601401	2.24444340926966
Q8RF62	196.861285109565	103.79614201424	1.63953363079981	0.952990957744924	0.923426596285827
Q57538	84.0099412230274	48.0968157545088	1.63962241691023	0.952985040885459	0.804618674049851
A4IJI1	497.256313726548	259.438753541926	1.63375428186891	0.952981764914597	0.938595691676996
P51591	167.448826377384	71.0860430568252	1.60411627419232	0.952972821755681	1.23608202860273
Q9X248	153.056679272188	88.3564928514284	1.60408468061866	0.952968797271255	0.792657944492387
O67465	45.8922745474163	8.31590978233662	1.63274351346253	0.952916220375587	2.46430530057839
A4IM25	151.968890970697	77.2271663767879	1.60336881271458	0.952877457176991	0.976595682729441
O34758	432.977398829511	197.780622975349	1.64069113783882	0.952873124101799	1.13039063021478
P77129	130.718012163094	58.7249418548857	1.64079265886315	0.952861356275194	1.15441266470982
Q81WH6	161.409761726452	60.0129899946279	1.6319166563305	0.952858762692463	1.42738111707292
Q8KA30	27.8960167871878	6.37975339492323	1.60316381771451	0.952851247873464	2.1284865736345
Q5WHD9	687.113914110727	303.771279667544	1.63140594948056	0.952822504819119	1.17756382265258
Q0SQE0	278.983250724811	130.068542306138	1.61836406994604	0.952815496153442	1.10090642818566
P17412	88.2782772965261	32.9492173543778	1.71867901318571	0.952814222232768	1.42181427928869
P76052	63.6757645421836	30.4169620515544	1.71866541974098	0.952808056273951	1.06586830824252
Q49YD7	124.146558082773	55.1935208542224	1.61848714159434	0.952806332915846	1.16947343923449
P0DUM7	262.431149428312	130.617741456384	1.60284037331565	0.952799627804012	1.00658810412429
Q8TTH3	2439.55999849445	974.689105904977	1.60276062663671	0.952786790620093	1.32360694071958
P23256	54.5728127382101	17.2875163052726	1.61894760260755	0.952771997056709	1.65845179149466
Q4A604	169.926597768141	64.5600738427603	1.6190574594152	0.952763792949822	1.39619755424102
P44817	259.726339849219	166.51949623521	1.6196366039752	0.952724101240729	0.641301231630958
E3PY95	82.4251020265357	36.2329229367574	1.60209834285973	0.952679974499316	1.1857825739133
B2UUV9	124.509208293634	43.845013986394	1.62925422727067	0.952679158635144	1.50576774805145
O86234	149.910978275383	78.4257419921933	1.64216663466291	0.952653917751589	0.934706859847163
Q9T1Q4	24.0508839997811	4.87109557713158	1.628673851591	0.952646342901383	2.30377172570585
O86186	96.4336370223624	35.2807613856136	1.62867381615607	0.952646340904499	1.4506547650938
C5D9D1	42.2080845990297	12.2726651221066	1.62865650682708	0.952645365559492	1.78207078382518
P94311	48.8117492385003	19.7459003942772	1.62092272009238	0.952643726948875	1.3056752988681
Q8KDS8	87.2271253714777	40.9040512901562	1.62852110780097	0.952637742795702	1.09253310532432
P50097	801.176949789709	557.502957517086	1.62843114978801	0.952632684845719	0.523141456325111
B8CWQ0	89.9963873744962	34.3096059992879	1.62128553347604	0.952625954557078	1.39125453155714
A6LHB0	24.5626607091283	6.14895963285508	1.62138228380263	0.952621207410386	1.99805260584861
Q934F5	177.787095947144	80.333965232655	1.62147056617304	0.952616872866837	1.14606862112709
Q8A466	174.327331071671	73.7652485801907	1.62810281346928	0.952614351545482	1.24078555733691
B9DKW3	111.211304656682	40.0498386258146	1.62169118535674	0.95260602871246	1.47343511116609
Q1GAD3	489.653600677992	229.686581296578	1.62784568265409	0.952604040717869	1.09209491915021
Q8XZR0	194.260464965639	81.7575115110582	1.62777148907807	0.952601070921097	1.24856912973499
P08763	81.9837939249987	36.8982440474924	1.62187355487375	0.952597051631709	1.15178659300117
Q97MB4	243.936734238261	144.571036987697	1.62201958879201	0.952589854644344	0.754728473592172
Q8CWX0	166.56737928817	73.5792062413215	1.62203179835649	0.952589252577109	1.17873587163194
O67304	123.598136743267	57.5739320184569	1.62743976053214	0.952587821697398	1.10216934484625
Q5HN29	98.6352048756468	38.8306889568355	1.62230255605084	0.952577367514235	1.34490536059413
P53579	198.955302082745	135.252299304006	1.60137610594727	0.952554111180219	0.556791226579911
P94499	162.129390135263	91.7889502671189	1.62646292176404	0.952553025228566	0.820753245502079
P27236	223.234341390246	95.4890326876682	1.62591519916217	0.95254362570349	1.22515203385258
P73940	444.67591717389	206.532100739471	1.62576507056725	0.952541058276484	1.10638823975101
F6AA62	324.789976224517	175.522155009941	1.62440602701743	0.95253520956735	0.887853964327099
Q831K9	70.9444142253693	26.8461468451676	1.62461144266406	0.952534071365516	1.40197406189844
Q88XW0	1599.26459871214	744.239710290087	1.64288130858256	0.952524664654502	1.10356937750789
Q96UF2	55.2419093522103	16.5235617511566	1.60067357083719	0.952419421265717	1.74123848330683
Q6GHR6	26.1388579529725	4.54109314227741	1.6004086933758	0.952368493904664	2.52508457566874
Q82SD8	62.9076077117997	24.8693461327084	1.64383890387035	0.952308482624006	1.33886592295363
Q896M5	116.488455108586	44.7908449729518	1.71714913897798	0.952118641848218	1.37891119211813
Q2NDC7	103.735588879583	36.8194439516265	1.64464299487046	0.952108551157394	1.49437118444671
P45539	10.309699795373	1.93438868483598	1.71666813823962	0.951899322415236	2.41405270814938
Q11SW8	203.870117014292	56.3359264002232	1.71607294887389	0.951628455427499	1.85552317008106
Q487A3	52.8129300090878	13.2489846655092	1.59717417016762	0.951610216419986	1.99500937978736
A9KK94	314.008310268869	166.717418723588	1.71599928465385	0.951595458017275	0.913397894989454
Q43043	12.2756843918036	1.03279605040295	1.59705833182299	0.951578544156509	3.57117616590638
Q5E5Y7	310.281986535106	55.2128795656616	1.71584402439847	0.951525875990351	2.49050319308924
Q7NWN7	48.1684809392583	16.9820221335364	1.64665339873443	0.951519861579304	1.50408116925864
P28155	94.7562181492126	19.7365229532468	1.64690067327673	0.951441299433566	2.26335277183419
Q0SSL4	438.433881369257	201.441980981166	1.59603501748425	0.951297513028317	1.12199491573564
Q49W00	36.0832966881056	10.878096746223	1.59557257523772	0.951165099240342	1.72990499212736
Q16BL5	23.3468876821355	0.529675921064403	1.71488614482088	0.951095560408109	5.46197650472721
A8AUQ4	191.182165917418	69.5143375275627	1.71476272939064	0.951039988466926	1.45956547684981
Q9KJF1	163.204687421492	69.661036926852	1.71458659634211	0.950963164513429	1.22825864054757
Q97KI2	86.2094179206563	37.4212175584397	1.67641382703545	0.950944828924268	1.20398898498333
Q8XNE7	255.121107340738	99.7169961236115	1.677305720805	0.950931837431171	1.35527093583584
Q9ZHD2	11.3215034174296	1.32249052921134	1.67747379476494	0.950927177502038	3.09773625494819
Q6YQC6	135.070982377516	44.4056196504321	1.67777806675554	0.950918727561116	1.60490360014789
O27772	103.290073964538	42.4680803813847	1.59473197539628	0.950915159364365	1.28225081646451
Q88UI4	121.237595765351	48.7860562264635	1.67829630679833	0.950884436537098	1.31329637944625
O05218	218.152713239413	140.532116907564	1.67531250385943	0.950882977256632	0.634438538566911
Q6N140	155.962540509689	69.7011578787796	1.67527807495001	0.95088105177858	1.16194503291038
Q8Z4C5	84.3623624104825	28.0145748669065	1.67516920892925	0.95087496652927	1.59042189645574
E7FI45	547.22675449872	228.7138294797	1.71433498865952	0.950854448092602	1.25859516402242
Q6D291	98.6274826987113	34.0585828166336	1.67878349864502	0.950835654792849	1.53397130631898
P54603	1229.80972044567	548.14443103846	1.59443733222505	0.950827141347376	1.16580712975079
Q8A474	118.798262889204	62.1230239461303	1.64871766973787	0.950826127820034	0.935313778453825
P76104	354.436862077184	223.67074575506	1.67454238883836	0.950802894530525	0.664152078193549
P18766	250.7589410187	142.398016804675	1.67929075385828	0.950784699796033	0.816372088400157
P52048	76.2069484962681	28.3877485735894	1.67413231372137	0.950752143850361	1.42465411388389
A5I0T6	218.482279588336	78.2396089284638	1.6739785377794	0.950733154222231	1.48154520772782
A5IQY0	130.665848891023	44.0470532266008	1.67365553832743	0.950693340995788	1.56876471415082
P37248	102.595110308698	42.9124269252522	1.67327191849822	0.950625115218102	1.25749457306088
Q83HU4	6.18972615760101	0.724854943928932	1.71375991653038	0.950605512560334	3.09411136317039
O14111	470.272655850198	155.508848294526	1.6731278630754	0.950598654573371	1.59650077811823
O31711	136.038926356381	69.2193509586839	1.71361838141624	0.950544148122423	0.97477220607235
Q03235	230.91939354757	123.856494892089	1.68075516856945	0.950543977594128	0.898719817747154
Q2NUD6	176.77012455014	25.9523986468395	2.46391238060612	0.950498863824015	2.76793467852226
P23847	105.952056566453	28.5270301355637	1.67251694307755	0.950486785151858	1.89301012604565
A9NEL7	205.060033728385	65.839396377465	1.65005781600399	0.950350049731747	1.63902332329973
P45262	174.309403595367	97.9111875414944	1.67174064895994	0.950324530472289	0.832104781896953
Q74DN5	31.80284960613	7.73126405799662	1.59283344577727	0.9503188137304	2.04037982148796
Q38AH1	216.755497401035	84.7649175309298	1.59274349012639	0.950288820235979	1.35452939245963
Q9X1Y4	156.230036170287	89.9861014102927	1.65037155067822	0.95023990831585	0.79589775127875
Q90935	83.2579846707682	31.1145698222512	1.65049885254499	0.950195388729703	1.41999833702778
Q8RIF5	84.6810108997403	19.9167820449119	1.65054553936973	0.950179041677608	2.08805392201155
O07950	239.391222251521	106.420699389719	1.67081395751353	0.950109777187664	1.16959146404923
P13604	1636.82502668348	930.765319925094	1.67056164468007	0.950048145130432	0.814410746431028
Q87AQ6	106.015815169502	51.9482195260113	1.65094284957204	0.950039492704998	1.02913329027763
