	Prefeed_HiCHO_mean	T1_LoCHO_PROT_mean	theta	prob	log2FC
K00040	6797.05995214091	2527.09742132087	2.86890865484141	1	1.42742956565309
K00074	649.406970665878	224.325912242263	2.35603788027324	1	1.53352659239899
K00128	3023.51682673545	1376.38886112314	2.33652838941449	1	1.13533948626864
K00287	195.939467469207	40.2291019955691	2.55825957944764	1	2.28409658516693
K00364	44.8366709781214	534.641040817276	-3.03505411050408	1	-3.5758195175085
K00366	347.999878109468	76.5354623172216	2.70704404451567	1	2.18488652751457
K00526	90.2311169129356	501.976004127135	-2.55903826442605	1	-2.47592145174673
K00560	1067.11980931684	573.667348239308	2.2970903962855	1	0.895435851012763
K00626	1063.61508576353	375.630460593869	2.51155776612058	1	1.50159018113631
K00627	18.3446895628071	555.551973963973	-3.06691419251412	1	-4.92048749147946
K00764	1733.44491319374	863.092610500785	2.52284096019921	1	1.00605471503626
K00876	262.881728041174	799.206147471724	-2.5546912931064	1	-1.60415381142109
K00895	1644.99587531131	608.822802484551	2.59957827151344	1	1.43398966772681
K01200	744.412399984116	346.506377529975	2.32853501775899	1	1.10322018142048
K01223	10868.9491165953	3835.41351878164	3.67302772368476	1	1.50275842083423
K01318	299.974008167048	68.6030002258949	2.48714573045654	1	2.12849392450956
K01533	84.1780517382958	1732.95214663748	-3.0598737692507	1	-4.36364388699446
K01686	2266.42604847538	944.815036677689	2.3553442276318	1	1.26231525765852
K01772	242.013186047026	45.1913607382543	2.5283529417608	1	2.42096675146826
K01788	560.814081921176	169.209180251538	2.27905903537795	1	1.72871473320697
K01975	268.864066708672	44.4386799196282	2.56504803020264	1	2.59698908773515
K02010	421.849639269808	98.2091479276006	2.45033297703973	1	2.10279954859194
K02899	706.921224426192	1815.66637819946	-2.7650638207706	1	-1.36087777447071
K03100	2531.83911400623	778.16648503537	3.82888938386555	1	1.70203498034401
K03215	1676.1591096709	856.735365057803	2.40983758862258	1	0.968237555961363
K03231	338.363199214879	34.9090140768715	2.73672378220564	1	3.27690115071166
K03366	53.2450756820274	596.264093616671	-3.00150409736731	1	-3.48523145143009
K03547	742.24262460847	302.576605199654	2.34885785359473	1	1.29459040805202
K03687	1270.15856581767	507.223386285201	3.1940698457418	1	1.32431544369175
K03695	12113.0076306491	6259.72582373665	3.67007939055767	1	0.952385753670411
K03697	460.13443869644	2047.94208179109	-2.57756476696801	1	-2.15404757090419
K03785	437.803938080684	152.484072597159	2.28308329162784	1	1.52162637486062
K04074	26.2819913113383	750.952437849916	-3.07261682449768	1	-4.83657504264079
K05362	33.554741813515	1790.43280748674	-3.78764335362905	1	-5.73764791069788
K05687	642.691130982564	204.007446085942	2.49168425379223	1	1.65550375337756
K06179	413.524070279339	122.195768263928	2.49713224810993	1	1.75877698342919
K07058	108.034050131457	461.031438564685	-2.63094705489152	1	-2.09337904184023
K07284	6175.24950185747	1232.00080740833	3.20377815517401	1	2.3254942263196
K07485	1131.58441105606	442.93570617401	2.52089602658854	1	1.35317500077367
K07586	2.98308486238596	89.5762211847389	-2.61705984515858	1	-4.90823888174587
K07646	1583.5361264549	769.170823302238	2.33353159771426	1	1.04177383751469
K07738	46.7218600393547	491.088883810847	-3.02714754265972	1	-3.39381455088456
K08600	608.094235387207	167.494100878377	3.19806712793979	1	1.86018462820447
K08724	1275.47989635337	492.421668457455	2.28526270268983	1	1.37307400739706
K09014	2733.08820644532	1220.24136637714	2.62503367547205	1	1.16336547728645
K09814	5.96049672857963	391.950979272658	-2.49017147614234	1	-6.03909685441912
K10213	17.0047548470538	196.676672927096	-2.60123238434306	1	-3.5318157428213
K11180	395.801917667451	1842.76703761711	-2.49287051159806	1	-2.21902318976753
K12410	1122.26439641547	608.212502022359	2.51196460760826	1	0.883765226382943
K14441	11989.887904009	3962.70752031267	3.81331000936262	1	1.59725977690468
K15342	758.261406764351	283.118522183093	2.4088558544106	1	1.42128915958491
K15580	427.175491896582	2027.20407187008	-3.06552188464262	1	-2.24659054384432
K19005	146.694076507407	1143.55990332128	-3.14719699462557	1	-2.96264941929036
K21071	1206.44082296067	538.923262060147	2.7842202923594	1	1.16260538615167
K21471	16.3765058475544	256.670381046392	-3.12885868882068	1	-3.9702173469304
K21960	294.693903578543	71.6899569205056	2.47021487524813	1	2.03937428493003
K26210	2.44298409060797	253.745755351662	-3.52551779542363	1	-6.69859541052804
K00975	1646.33417436429	755.668519831206	2.46034672573106	1	1.12343177664048
K03111	1581.18523806934	3510.16786950769	-2.47784152009663	1	-1.15053363596919
K03492	507.107019407578	156.941192579361	2.70900200384608	1	1.6920661761784
K11103	417.709207413465	87.9111791203363	2.9313247407996	1	2.24838040391517
K22373	682.938126197337	217.444543768082	2.83284003471254	1	1.65110736869285
K00655	28.2186214602911	254.202892172309	-2.7559954725434	1	-3.17126102853294
K00688	2953.29562226198	1710.6740447144	2.57244275580269	1	0.787760884200897
K01595	161.069126249515	1274.31948081602	-3.0297195512075	1	-2.98397512700009
K01623	1369.50599217454	322.22678100656	3.38698770571711	1	2.08750726863221
K01738	359.733668509178	1368.85629659533	-2.65048415189759	1	-1.92796990261684
K01870	2136.66207959118	5122.78989822587	-2.50980798464134	1	-1.26157096464289
K25290	843.940023823321	280.455905089631	2.59164521356358	1	1.58936651500393
K00100	879.050259347913	371.082746508901	2.30052586591159	1	1.24420472874673
K01568	96.8231344227988	6.91275334528382	2.30420671694708	1	3.8080194441217
K16511	67.2491603114185	446.242203980089	-2.68835263512897	1	-2.73023880586428
K03703	1014.8283954899	4259.90419196595	-2.92886073266462	1	-2.06958519113282
K08987	7.26727207143233	185.941467310361	-2.71559902602433	1	-4.67729081643158
K00625	4038.64894813743	1945.53270892651	2.38561156287687	0.999999999999999	1.0537075124028
K01443	1041.51724545859	579.898650509079	2.30555134594831	0.999999999999999	0.844814041673641
K05592	695.244198723968	1969.83764640938	-2.57074732547477	0.999999999999999	-1.50248502141122
K00383	198.580833262203	1157.53546161776	-2.51438016362348	0.999999999999999	-2.54325810393379
K01696	212.832615019305	1082.25701570945	-2.53901967566844	0.999999999999999	-2.34625199761717
K07450	549.723549423915	178.250010339699	2.82948167667256	0.999999999999999	1.62480412347633
K10591	20.4130834290709	0.711751307580345	2.86946162186227	0.999999999999999	4.84197707162144
K12555	248.664111776039	6187.24159730319	-3.65792112494348	0.999999999999999	-4.63702615688723
K22043	12.8961542754234	255.830708861151	-2.78521368132497	0.999999999999999	-4.31017663675216
K02794	3386.56784515875	1609.66368198157	2.56847725826126	0.999999999999999	1.07306461072311
K04069	159.082321488452	658.032715317491	-2.80979790248912	0.999999999999999	-2.04838579134527
K04079	5587.17856710644	2527.69412109129	3.63031369140631	0.999999999999999	1.1442980377475
K06960	12.5614688300466	161.422953897762	-2.76976610998565	0.999999999999999	-3.6837686649025
K01338	5285.73657430388	2577.65099054413	3.49592079803659	0.999999999999999	1.03604758853142
K01442	3535.4017200381	1091.99982550231	3.67613946719807	0.999999999999999	1.6949015289406
K03800	46.5608403570013	1234.9778549392	-3.42002003092313	0.999999999999999	-4.72922426498931
K04068	835.630002735654	263.109684095073	2.64980366424052	0.999999999999999	1.66719994258067
K26993	48.1498814720128	412.354920837438	-2.76347305683633	0.999999999999999	-3.09828247229544
K00610	116.242323046682	628.273769367055	-2.50814977262736	0.999999999999999	-2.43425790842201
K01176	1510.56590746328	215.264420454049	3.42091778687513	0.999999999999999	2.81090734025121
K02888	618.162094376419	1562.90869400601	-2.98261912734275	0.999999999999999	-1.33817640161522
K07749	565.424072444613	194.648581846892	2.56881345595245	0.999999999999999	1.53846147231391
K08348	1088.46977204432	236.364328823358	3.52499043606713	0.999999999999999	2.20321711173333
K03322	60.953552870412	534.779350568038	-2.52564954318219	0.999999999999999	-3.13316153928383
K00868	81.5503315042825	441.346984854766	-2.50843249186057	0.999999999999999	-2.4361506950582
K10877	87.5104338445437	4.12727375002991	2.39041137790105	0.999999999999999	4.40619400294103
K00613	76.6546807228936	461.068184812343	-2.71036553232285	0.999999999999998	-2.58853432440088
K06920	58.7284409849787	397.630286368907	-2.56376191053164	0.999999999999998	-2.75929640163426
K09685	2.61934371604298	124.388062875241	-2.98300675537502	0.999999999999998	-5.56949884532823
K04086	609.87161401523	10375.251676436	-3.39277751798249	0.999999999999998	-4.08849695427872
K21527	33.9491242463199	1.04282690961704	2.65404085135534	0.999999999999998	5.02480273751122
K00762	1029.9743478428	401.747403340297	2.8699296984114	0.999999999999998	1.35824780232286
K07005	246.690860008397	48.3822361352363	2.63927144056385	0.999999999999998	2.3501549096187
K23060	163.186116371758	582.883255281123	-2.52324382833344	0.999999999999998	-1.83668863715002
K01256	77.7589810834361	625.538536552733	-2.84014092783328	0.999999999999998	-3.00801754514305
K04564	232.455720594045	1531.96840256935	-2.84087841684719	0.999999999999998	-2.72035870618133
K00687	49.9947675488108	614.149017234763	-3.41280709560569	0.999999999999997	-3.61873973839919
K03305	180.677793020339	924.386352243316	-3.39770377386127	0.999999999999997	-2.35507676335883
K14260	102.981750059538	446.623253088418	-2.70919229765392	0.999999999999997	-2.11666967345524
K03590	111.809408951188	776.851630383928	-2.86706111436546	0.999999999999997	-2.79659748846573
K07305	621.798106768152	197.252337874346	2.79374661964794	0.999999999999997	1.65640382456035
K02796	3765.62717195651	1372.79223363199	3.22680305175094	0.999999999999997	1.45577687221434
K06153	141.420580356631	542.923359434495	-2.77530832341761	0.999999999999997	-1.94075647266035
K06990	1930.43137121344	554.408669138861	2.98013057596139	0.999999999999997	1.79990154412697
K26113	1349.02529784403	217.668873135712	3.41319687457454	0.999999999999997	2.6317103823732
K00867	7.77225652585492	203.086323445648	-2.95574919506768	0.999999999999996	-4.70761575814358
K00198	474.887098351137	1166.05962934493	-2.92154017551767	0.999999999999996	-1.29598509924906
K12556	6.35301780200076	326.493387484788	-3.33056096778046	0.999999999999995	-5.68346790097469
K01823	79.7962639848132	972.488196746847	-3.45377277039737	0.999999999999995	-3.60728763298286
K01613	1218.47561583456	214.46184314467	3.45870739757928	0.999999999999995	2.50628448741514
K26114	349.99159549919	24.8498612775123	3.45303996723184	0.999999999999995	3.81601057522264
K21567	24.3587939129528	311.035928239809	-3.28516655153069	0.999999999999994	-3.67456663054242
K14983	30.3368807066894	757.167674442004	-3.2852026907673	0.999999999999994	-4.6414681619685
K26032	285.246716175433	2029.4308299734	-2.90656546677403	0.999999999999994	-2.83079298574205
K00370	1105.47382490075	170.357913435016	3.90912921264919	0.999999999999994	2.69802399591706
K25133	2798.88589994521	855.948706430223	3.45847470398198	0.999999999999993	1.70925642544978
K22457	5.78117135998662	178.755928110109	-2.86096625874577	0.999999999999993	-4.95048544079106
K03310	459.188154933364	1334.31934917769	-3.36695272289925	0.999999999999992	-1.53894666279153
K16235	110.776267078716	1049.91236085815	-2.46074082103321	0.999999999999984	-3.24454817326458
K07444	69.1891732723168	1043.43728006938	-3.98263245451053	0.999999999999967	-3.91465377149781
K02761	3605.08476249436	1016.99891881773	4.1465365131494	0.99999999999993	1.82571503495528
K01208	1880.97344697213	297.4180712745	4.25228211935452	0.999999999999928	2.66091526893959
K07486	2386.68783687488	530.667110321221	4.26094682577323	0.999999999999921	2.16913084240392
K01261	1.83629229816753	57.6148181793481	-2.45119871028215	0.999999999999293	-4.9715722836365
K14982	5.32579012235341	104.911066967417	-2.45035835236366	0.999999999999026	-4.30002748799004
K01519	115.134081094925	609.244077782399	-2.44648897501567	0.999999999995684	-2.40370537010523
K02926	1167.45650005744	3217.70734503934	-2.44107888707749	0.999999999969208	-1.46266432142176
K02567	147.708098698936	23.8987172209242	2.2304608532196	0.999999951250764	2.62774384210181
K19796	0.556687769132726	59.9020233660849	-2.41270225731394	0.999999801708423	-6.74959253844807
K07652	84.6520103876488	398.161974733185	-2.40785313430621	0.999999326269733	-2.23373921138415
K24213	99.880938973585	9.70502946039645	2.21674717184301	0.999998476722843	3.36340488652818
K03671	727.918037506874	353.42734406722	2.19909663944145	0.999951638265286	1.04236235119592
K13566	420.747681296103	163.53068681533	2.1978645357852	0.999941202070911	1.36339393567088
K01598	1.90916649114115	34.7153008547473	-2.38488673535581	0.999924637364922	-4.18455684910208
K12573	2553.48858321393	1565.66100060181	2.09913684355795	0.999915326171139	0.705697736868853
K05540	775.615151586778	389.461417816809	2.19405573424379	0.999893614135595	0.993860572579185
K01845	266.854798688425	115.428673558431	2.10715432207499	0.999887379334371	1.20905330727301
K01222	509.495200314192	158.481773064857	2.1076610589104	0.999880551312181	1.68475162954889
K02819	162.089456042051	37.5448031343289	2.09269422701496	0.999824434136602	2.11010511412188
K07126	610.636610597684	160.538719443649	2.11184753651178	0.999801938798547	1.9273927937016
K01626	616.572678662421	279.995936473795	2.11333387473244	0.999761855757515	1.13886507292768
K01847	647.634121389149	296.406637778917	2.11604628652539	0.999671066223381	1.1276012418257
K02834	296.188852742751	109.409194272243	2.18519064240334	0.999656351797442	1.43678336386261
K05311	46.535990238377	309.543859698483	-2.37296955624476	0.999570507833451	-2.73372502961859
K00561	578.03908058177	145.130628625486	2.11900174569885	0.999543056035015	1.9938150145772
K09963	136.157316360307	32.7835711762315	2.08049379053152	0.999139265138578	2.05422958351843
K00705	937.02035214167	535.818330614404	2.08025630233876	0.999115307270523	0.806336446305832
K01754	782.894467892253	481.882651213409	2.13000856906182	0.998781300380124	0.700135987174743
K00844	60.9005997134425	5.10249021907519	2.16263938139683	0.997983253975754	3.57718301813538
K06885	114.617708912026	479.468220758812	-2.35665117682861	0.997795989063206	-2.06460523263006
K05516	387.054432598758	163.594222261055	2.14681919176916	0.99751931166997	1.24241467427035
K22522	142.229716356957	33.5947831411535	2.15484471972861	0.997516503892418	2.08191379917313
K03657	799.157724905136	1668.71143082387	-2.17509773872529	0.996942613233777	-1.06218231963646
K08161	36.8480340856437	249.877633418239	-2.16400210432796	0.996880314628382	-2.76156221547274
K13292	188.355399282906	544.461695754577	-2.16332705821435	0.996846552142727	-1.5313731659901
K24042	61.5213841460262	276.615183574812	-2.17828612256364	0.996759964159169	-2.16872048164577
K10441	566.058194751675	1267.7548004349	-2.35063905555454	0.996714235539009	-1.16325345231128
K02840	8.93218165414449	122.134778134302	-2.18347811521676	0.99627022526646	-3.77331766743333
K03696	1644.03780895325	4174.65274387801	-2.15140565318576	0.995991882822797	-1.34441271831396
K03060	4.73763691179719	44.4512238811013	-2.14306928883026	0.99543004301484	-3.2299836004188
K02991	18.8753811743396	1.31988559438796	2.05904199285133	0.995420180012966	3.83802098931596
K04072	983.845971295201	4391.292838793	-2.11437483351956	0.995333463914992	-2.15814137229901
K02372	5.2236554156847	54.3742178474489	-2.11911292402579	0.995317752944692	-3.37979110724381
K00566	646.533250890021	1476.89332366579	-2.34316418111888	0.9952935957668	-1.19176914952224
K03387	87.0334589228746	679.623641127446	-2.13878330767934	0.995253809010155	-2.96509399968729
K17828	808.514047508892	528.151122558271	2.01326522490627	0.995251533803885	0.614322045688623
K01812	2445.68726510277	1608.65740776076	2.02181406038492	0.995214953273047	0.604382824197946
K02906	1442.06372835631	2718.79386998326	-2.12812053039232	0.995194920114661	-0.914831852868746
K01195	210.389643776557	64.9353079962333	2.01147126751305	0.995184965308234	1.69598864185038
K01421	542.548964263927	1188.47079307231	-2.13458691335412	0.995174131473602	-1.13128119947382
K00926	337.17865279302	663.346578243852	-2.13288488777769	0.995165275357479	-0.976249630907071
K02000	6.59036337656366	209.484358183889	-2.19134740415984	0.995154868386114	-4.99034070019307
K07386	16.6501242416382	154.344635239772	-2.10128305987796	0.995123016668073	-3.21255049046649
K00656	2011.50310512662	4145.81996547069	-2.09684986580137	0.995014185346273	-1.04338350294444
K02243	119.32966954946	421.851528535736	-2.09361050599379	0.994932596798864	-1.82178253662338
K01925	351.891514153646	895.744412092532	-2.08775140920097	0.994776152748556	-1.34795641453567
K03575	67.748304824686	325.791403006287	-2.34017881454848	0.994769094867285	-2.26569178108362
K01539	18.9949641343716	207.009985348509	-2.08728504591599	0.994762547614658	-3.44601146627284
K00948	1226.29837628381	2086.61686085424	-2.08496285354033	0.994692498286223	-0.766855670424755
K25434	1.22261974447779	62.8241344675288	-2.08472852771987	0.994685230946292	-5.68327121407251
K00931	865.537568248291	234.396733661944	2.003033577849	0.994671879576398	1.88464397462166
K27271	223.976234442077	466.241988122927	-2.08114860930644	0.994560903725326	-1.05773327474527
K00133	394.248895505764	870.181279716494	-2.07947493914185	0.994494239724944	-1.14220926710229
K13310	195.460177640782	51.664865076648	2.00049318383294	0.994492273784091	1.91961930006106
K07447	162.800087992815	594.057319498766	-2.19560196363768	0.994435499187767	-1.8675006613593
K00937	1801.97832673434	1163.62356124747	1.99789538168083	0.994316642387102	0.630957245483364
K01005	354.068991643992	861.82706496218	-2.07573334768825	0.994316163169679	-1.28336790366797
K09693	132.987667446352	33.8142241594421	2.03448591391568	0.994233000696159	1.97559030647112
K06902	801.29824115226	365.652457990886	2.03497788583797	0.994190098756099	1.13186624983482
K22230	163.477861497991	43.9388623309191	1.99577852326179	0.994185876014893	1.89552585531211
K16786	364.48253051271	165.033467521768	1.99548335957069	0.994168448699471	1.14309104683854
K01347	7.45558535958273	0.636015955444009	2.0391768306693	0.993881365874928	3.55118676380544
K19294	1271.85245384274	638.093959318576	2.04554951272137	0.993766020027316	0.995090533366433
K01752	614.243325724662	339.313602344471	1.98145834503833	0.993758298906146	0.856191010850716
K00864	2392.07799250321	976.666065864306	2.04477397041713	0.993746357903298	1.29232715220752
K00248	1405.50969031345	629.620528956562	1.97402726944438	0.993732487041344	1.15853891423372
K00703	2740.55645866308	1459.83674049248	1.97193436436969	0.99371277615361	0.90866182054992
K17810	34.2269491610962	237.978074612118	-2.28143223389056	0.993390612075895	-2.79762405359077
K03529	114.189449954543	460.131959428061	-2.27593584073304	0.993295057613349	-2.01061830009941
K00161	8.00011868978852	277.690040328382	-2.20212776782128	0.99328601950993	-5.11731021996057
K01520	574.238521133475	251.318457816161	1.95985576169561	0.993194767988751	1.19213348051466
K09972	5.04015629251001	68.7746257290518	-2.27249662294136	0.993172401279179	-3.77033600670692
K03798	2139.00299875946	3791.61988326379	-2.31427041291823	0.992970028142022	-0.82587583362395
K01491	827.06868356192	484.946688315558	1.95689800138369	0.992944596474661	0.770180986255204
K02992	1704.79305037734	3023.32797459702	-2.20484379684122	0.992819153276439	-0.826540875841328
K03217	562.16467977041	1353.85041472521	-2.20585668226402	0.992651418330934	-1.26800362747931
K06216	2.7657328200539	179.768858410123	-2.20835304071785	0.992249291857301	-6.02233751877822
K11921	96.6747052140332	21.7841103200342	1.94857260001034	0.992086005642802	2.14986226649615
K01552	89.8775337702196	300.186366780068	-2.21123120354724	0.991823177230216	-1.73982601444227
K00849	327.442056589478	829.03067694747	-2.25149008999626	0.991508254488179	-1.34018585415625
K02014	106.620702743159	25.1288589624537	1.91237776338331	0.991445340849765	2.08507052740985
K08176	47.4274135070607	4.82067514260513	1.91576150009035	0.991413634905334	3.29841407473531
K01631	55.9151736175975	6.87594793789551	1.91877236687653	0.991345964343823	3.02360931178569
K02788	293.439074264354	75.1209170276452	1.90432982396919	0.991318578515938	1.96577441296645
K26550	44.0049873341759	3.97256407491172	1.90380308610403	0.991301901801903	3.46952464718726
K02027	345.748467046885	127.014222109494	1.92268407741201	0.991226460847826	1.44473280655826
K15780	318.538302977125	131.779581424805	1.92323517280899	0.991208885053949	1.27334001190145
K12264	835.776989316393	389.835730862903	1.90035538875595	0.991185474161896	1.10025171019804
K24139	6.55338456375036	0.646816010299687	1.93665260173801	0.991141091227701	3.34081289936565
K08170	54.5894276711023	6.72255094751331	1.89875810723543	0.991128391070446	3.02154088273788
K11694	196.686913144867	57.0363338461266	1.89677297653663	0.991057884965211	1.78594781193732
K00262	1079.82509761099	2745.56068125385	-2.21806270641629	0.991008079558341	-1.34630314365753
K06915	506.192090890436	234.026873108359	1.83092370351757	0.991005340240857	1.11301076314393
K02232	234.293470861054	58.387852574208	1.8951175879988	0.991001083185114	2.00457659381105
K26605	298.483409072599	122.927492867334	1.83277993383385	0.990999797121969	1.27984313072289
K22337	6.61828162985668	0.730546675361578	1.89211043294965	0.990904288866679	3.1794083280978
K02356	595.830566682928	1053.73217905479	-2.22071273162652	0.990783040339599	-0.822534189958822
K09810	1305.10781260073	697.601684030216	1.83733317050166	0.990756397027209	0.903693562212958
K01142	433.793783615243	882.547233130511	-1.99944820045421	0.990680919370323	-1.02466411324528
K03442	1099.07602285429	605.207408886618	1.88350655490467	0.99063263091681	0.860789626547964
K09748	120.962042682488	477.148932229843	-2.2230103365451	0.990627800733786	-1.97988523649383
K02528	1261.01670380316	851.949613494943	1.88243746610726	0.990590457741448	0.565747372792989
K02968	248.042007138563	516.264789445444	-1.99715203290541	0.990583152759792	-1.05752673719962
K01956	142.808459968946	430.025892560264	-2.00540337330537	0.990531620564419	-1.59034208234101
K26905	146.531277639267	34.078770505602	1.83989349156813	0.990508924533025	2.10426345403078
K02938	13.1715391544451	1.37725435848399	1.82229062573225	0.990254676988775	3.25755700734136
K03856	957.585700197432	583.800370114859	1.7610005773148	0.990196730761188	0.713926482940003
K12411	7.60259904559255	0.80839653192691	1.75923646398648	0.990188608389475	3.23335766901777
K01934	290.249743185623	138.76981898499	1.76457989987495	0.990186828372139	1.06460095995778
K03576	55.1531052142023	8.38701527283349	1.7661982772369	0.990165487470311	2.71721272596236
K12267	342.245020136831	112.195524784234	1.75585882279813	0.990163024450648	1.60901441820762
K01342	8.26898079412407	0.85804450848884	1.75182462556251	0.990133541405839	3.26858512850798
K06148	357.332673786378	168.790801040736	1.74847900478562	0.990118298473962	1.08203155661005
K02757	425.623685326601	205.529444167916	1.74728355975929	0.990114527999152	1.05023334756849
K14194	141.4643993492	36.2815976024281	1.74590065821774	0.990110572452912	1.963129143796
K10907	875.629788229445	406.173567173563	1.74540898760846	0.990109014797516	1.10822467922479
K02072	137.920006168531	39.2270396692069	1.74270217913371	0.990097388415307	1.81391137469963
K07260	210.474420181943	85.7628297792338	1.74206256182946	0.9900923627904	1.29522049331049
K01535	59.6778451527241	8.60493894532457	1.73861088971754	0.990047663773302	2.79395858265814
K21591	351.456852743687	105.808239228306	1.77168586514766	0.989979310341539	1.73189561133954
K02940	4.49302482385772	0.653366077944277	1.73577126487464	0.989972615809797	2.78172357406342
K03545	8562.5782152222	5158.80141582558	1.73514692915692	0.989950213092299	0.731009349277161
K26318	136.416195766717	42.7815181458389	1.77365969537571	0.989861410341873	1.67295535186614
K07481	153.411371355409	46.1736782131548	1.77366159632001	0.989861285650128	1.73226285638029
K06173	370.803254347984	807.661588359692	-1.99110180889752	0.989850484441331	-1.12309702199257
K01216	53.1409291616405	1.33977305385463	1.7328840278155	0.989848675345484	5.30976290713011
K03525	814.523136887995	472.063346033189	1.84578192929087	0.989816658524612	0.786975212344968
K02987	31.383852378274	3.32665850925716	1.77660067118241	0.989630717438842	3.23787677219195
K03189	46.9633210945475	6.18724339739462	1.84763258562066	0.989609600895517	2.92416574103345
K18118	930.757137636119	224.686969008939	1.77697814479106	0.98959677482942	2.0504883185103
K02086	3.58856939228627	44.9851660425561	-2.01343052612686	0.989567093239939	-3.64796862446468
K11254	7.81163135520958	0.805659476478281	1.72870994028529	0.989561105112233	3.27738177051983
K07484	1417.08827157592	979.693916447061	1.81723964147068	0.989372885854585	0.532526640906277
K01486	646.112299305087	361.470285279118	1.72644354270775	0.989355496485196	0.83790788316645
K03737	4052.98840101135	2909.2044054431	1.8504450182041	0.989341750688516	0.478361380529453
K27323	5.61858853348255	0.668062229581654	1.77994683164928	0.989293226170513	3.0721533509578
K02400	76.4224814751028	14.0887198562156	1.78100803073703	0.989172725537963	2.43945657350593
K07137	593.51496175561	333.980338375606	1.85767738935524	0.989058172735683	0.82952122595837
K26046	6.86372525226219	0.62829214163859	1.81494632153856	0.988938494310941	3.44948436361365
K27043	171.046379112625	49.4471254367321	1.81438249196495	0.988832654934436	1.79042900517999
K25288	141.779068582572	33.5809980326907	1.67568613798474	0.988774591408355	2.07792754423866
K15192	30.7564151301127	3.77634872001978	1.67708232969122	0.988768074260572	3.02582345815487
K15633	1348.79049754923	867.594049628228	1.6708111252952	0.988599752922456	0.636574213935292
K11661	15.9061843269279	1.54100702673294	1.68158151866513	0.98859251133682	3.36764244920882
K18126	8.91488795145433	0.955686309588249	1.81249156216087	0.988488446529424	3.22160760823291
K02864	830.529849336804	1531.57970299515	-2.02033310986077	0.988435913466044	-0.882916521496566
K21961	236.550180037162	62.308847786493	1.66872674072977	0.988428222044568	1.92463731489217
K11535	169.245635262097	15.9054520552319	1.68464583800225	0.988369277404776	3.41152534710015
K02984	10.4570964049841	1.09770980975573	1.66769225851424	0.988316860922005	3.25191369835508
K03969	148.682824555556	41.0586395905043	1.66764626360193	0.988311849372278	1.85648026866268
K18881	62.3473441087003	247.297576568577	-2.02134073429122	0.988280875458193	-1.98784809177021
K07770	62.7518013765596	13.6331322279421	1.6869269493158	0.988170103510375	2.2025398131138
K01226	165.428688108688	41.0145068895601	1.71621791456858	0.98813679780083	2.01200325531715
K02989	7.62858722219494	0.990217364935476	1.6886574794407	0.988008236240033	2.94559874714776
K16212	398.440601783764	187.253714123599	1.66497867786017	0.987970131364752	1.08937033359783
K23684	124.190399451743	32.5397418419272	1.66456240821189	0.987907431316019	1.93227893985069
K20118	81.0020633211464	246.260115441191	-2.02434007464837	0.987866280887378	-1.60415242372547
K24041	19.4226257920108	3.10674117568214	1.69057018109912	0.987828341284932	2.64426429553258
K08884	183.136313866511	46.6915327056841	1.79221935602897	0.98777184096601	1.97168503699521
K06413	177.43168696079	66.4976520140449	1.69196001762993	0.987700716579624	1.41588837290295
K02985	5.00497292249113	0.599957774866236	1.80722392323836	0.987699369863542	3.06042939165182
K02976	11.9487429222276	1.45822777558801	1.69253088667976	0.987651263026095	3.03457085446773
K02900	4.85924713702922	0.612026083663236	1.69278280458097	0.987629384631514	2.98906776361098
K06907	24.9378268087909	0.987541886808394	1.66266891472518	0.987605474124869	4.65834999596405
K12940	68.7366255822332	19.8578746203712	1.71124239684849	0.987587941740943	1.79136780856724
K01835	1901.94495922025	1343.4369495246	1.6937534484662	0.98754810004129	0.50154688228935
K08093	88.0566375082744	22.0446496572373	1.66176723337447	0.987450171388966	1.9980032059885
K00078	193.552825512867	69.3825931538116	1.80406058235072	0.987415119873215	1.48008170141699
K00689	42.6749345998043	204.115000779924	-2.03148055497149	0.987393609894955	-2.25792136512193
K00700	3011.33640803314	2117.75483003056	1.80323775078618	0.987370444780897	0.507868306206263
K08659	1392.57036806827	833.504617134734	1.79726606303013	0.987366760917042	0.740488134284077
K00965	664.88366892248	258.474004592956	1.69689577576795	0.987325311312309	1.36308274997245
K02111	4652.18422167573	3304.50817503768	1.79873305988721	0.987314855941571	0.493472662317206
K03235	160.76081876843	42.3395065006699	1.66102069543705	0.987312730064471	1.92483947145368
K11635	170.031324602434	62.3640097574328	1.80081048794588	0.987297309463229	1.44701496060241
K03086	1375.15416796878	873.566695055219	1.69897344628514	0.987225386962042	0.654603608336418
K08963	464.051984892381	182.533569936209	1.66012734316326	0.987145272262328	1.34612461474658
K00980	105.808321332465	33.0116567497586	1.6585991637275	0.986844475572745	1.6804056434177
K10440	285.401771736459	644.68726924102	-1.89835493071305	0.986164781088725	-1.17560520370029
K25578	0.731941643371855	10.5180935848876	-1.89943559371276	0.986132787201688	-3.84500079901703
K24949	199.534882703859	867.83699829972	-1.97695814247526	0.986044086127752	-2.12078311300288
K01462	874.606609332045	1675.36882259042	-1.88883402834577	0.986033174190265	-0.937772575456928
K03437	75.8486318068054	242.335240216101	-1.8882484010704	0.986006616936515	-1.67580915390885
K16200	68.1083058109543	246.585231452359	-1.88777601000781	0.985982392562329	-1.85618374525307
K01892	782.546963045749	1320.68196240714	-1.88591806531235	0.985883705474176	-0.755033848147582
K00950	7.27309474231063	71.3462359286467	-1.88391318690497	0.985770023877427	-3.29419604360279
K09825	394.833825250659	741.597966787102	-1.88045967421104	0.985577530696569	-0.90939169840614
K02357	1467.68784103538	2274.79513262267	-1.87872502807907	0.985491409261326	-0.63219146497189
K00004	12.6732489914625	1.45384154439005	1.65222600188416	0.985488395228406	3.12384448780574
K22416	8.58502447762165	91.5704091697691	-1.9127823162915	0.98527014413456	-3.41498731629592
K00887	4.24867096576244	34.3293428089522	-1.86486076721898	0.985053730401551	-3.01435871406157
K04095	1278.64578182644	608.091228459603	1.6487146565634	0.984754604744071	1.07225697114907
K15555	243.778511973278	606.816698832669	-1.91998065299608	0.984739033461629	-1.31568982308175
K02518	133.31287131021	348.660531874592	-1.92025755248694	0.984719644570785	-1.38700698245632
K25261	9.81150881625272	79.097659057795	-1.92178622601489	0.984612452871388	-3.01108808129532
K01756	1303.58588469716	2122.20190322292	-1.85941022755084	0.984582961262668	-0.70307628301512
K26404	57.5481394137749	8.52858297422568	1.64780609255081	0.984576394971434	2.75439132290849
K18888	3225.66202847401	1911.63990156062	1.64769544606669	0.984554754292916	0.754784500482415
K05808	1865.76193194357	1028.65608640712	1.64681275528638	0.984386627795853	0.859004190094523
K10041	333.16630370972	958.894071243335	-1.92989413978783	0.983995193807373	-1.52512895537943
K02119	79.6914721363187	230.810908424986	-1.93040111955035	0.983950244083416	-1.53421415588935
K22736	12.5764096692977	107.478080100128	-1.93097049442274	0.983899666326297	-3.09525043203148
K24163	14.8327427126876	114.226439246216	-1.85387875764811	0.983465792487088	-2.94503932516888
K02441	69.5056407324702	16.7988089968389	1.64009596471706	0.983345873367905	2.04877111221533
K03491	339.026836189481	132.983382216004	1.63978598506963	0.983310256205387	1.350153500763
K02110	151.635216693969	54.1867845225807	1.63841290502383	0.983162291907728	1.48459190842208
K02975	4.30645653335869	0.61203678402217	1.63719217531498	0.983045785664977	2.81481100164134
K08314	79.0886103406149	20.7156529855692	1.63443314020001	0.982847286872547	1.93274864841823
K17064	95.7797532037519	21.7060511417521	1.63222130425544	0.982734426607946	2.14162342964507
K20074	64.9661471217141	231.514416775097	-1.96449324878195	0.982640661171699	-1.83334198277194
K03568	435.489690616322	181.686973959026	1.62766423734719	0.982598279471921	1.26118357687731
K02934	4.99857208370461	0.717536585640151	1.6262989193319	0.982567581675902	2.80039172781369
K02770	1412.05710842381	738.535983162839	1.62284023470854	0.982477385431896	0.935058318097344
K15582	100.802205891065	266.155028722127	-1.9447365917512	0.982378360208039	-1.40073961454175
K02960	4.97958428817122	0.679249099509693	1.62034030944992	0.982378154519929	2.87401265350497
K15711	3.69529063082418	0.575310950002821	1.61928415629723	0.982325458824985	2.6832740006359
K02980	4.32873203095419	0.640667698173785	1.61629439124619	0.982115916642867	2.7562963354444
K03283	49.8214525852679	9.3259430880878	1.61557481508844	0.982053889749441	2.41744555443031
K00661	9.16214880706116	65.4110123872154	-1.94905961196433	0.98196568723602	-2.83577564396487
K19956	254.914212106288	99.160116000724	1.61215041931042	0.981684573976791	1.36217994521739
K07273	514.356536773754	272.207150956953	1.61194982715422	0.981658944603507	0.918063772471392
K07588	683.420611747475	119.686541272696	1.6088191849845	0.981219662087002	2.51351282900796
K05878	361.410117712357	145.475742070732	1.60840250868035	0.981154547216645	1.31285828987447
K18748	8.92603752471046	0.989231497384513	1.59911048479138	0.979489114841053	3.17363979028388
K19703	6.05759980707526	0.793028751053415	1.59871109142911	0.979412966490095	2.93330119367903
K03712	90.4531157215178	22.6882904755361	1.5983428638122	0.979342824872342	1.99522228988842
K02936	7.92682405731717	0.988503637719892	1.59497786323787	0.97870501915381	3.00342477465859
K03654	1910.00775525351	1200.57334602558	1.59159533729623	0.97807346382	0.669854951978998
K12681	67.8091471338157	20.4456925181408	1.59018461899105	0.977811922511106	1.72968296987587
K03521	329.428394420368	142.76234447466	1.59012528985992	0.977800934170292	1.2063494116821
K08286	11.7506353225664	1.6154346886551	1.58859906444996	0.977517516536721	2.8627444318691
K21572	466.548866912277	246.618204435918	1.58792372150856	0.977391980074198	0.919748900637787
K23486	310.110686996441	149.647020277279	1.58768272130861	0.977346791446452	1.0512196921384
K03006	5.89586209817063	0.837255841613749	1.58741740921914	0.977296832130897	2.81596233887378
K02313	1682.20645712078	2690.58929568157	-1.84081015170494	0.977270593525965	-0.677567409611814
K00667	3.39706486339991	0.649660616296167	1.58722305367541	0.977260246906141	2.38653061129469
K13922	161.530772195825	325.089789665231	-1.69888605264928	0.977041712303795	-1.00902921523259
K07704	45.1055585200139	148.795068081182	-1.69190067327694	0.976970941612334	-1.72194957003917
K02995	17.279564338104	1.96758650693459	1.584849498186	0.976808536913779	3.13456787214851
K05601	364.596024662004	182.529365346201	1.58436529823636	0.976714651041384	0.998170247558788
K07277	204.088169535587	85.5991548256879	1.58425123232603	0.976692135980681	1.25352409831312
K14575	27.9111829174734	2.10828885540995	1.58404744200169	0.976651918658808	3.72669882083808
K11737	29.9382684522171	161.614213604953	-1.70307324536183	0.976627074460389	-2.43249139806284
K02966	3.22771858830284	0.542175938888638	1.58353054562907	0.976549957598088	2.5736818067166
K02493	482.847793179621	268.86510482715	1.58294740869671	0.976435010462101	0.844685959399988
K01766	187.937045594295	67.2969727104505	1.58206996306494	0.976256694599658	1.48163596140708
K14136	49.161766403279	11.6154889187818	1.58169358511096	0.976180116412036	2.08148687199376
K01950	466.626818510049	284.368277012166	1.5816118138859	0.9761634835279	0.714508693279861
K01715	185.363583658972	74.8518734692929	1.58048749382782	0.9759286314821	1.30824751030514
K00033	227.379316001627	789.253240999219	-1.68532987144233	0.975891964261971	-1.79538725719127
K18940	4.19140199982702	43.3334635571493	-1.78282699929593	0.975701211307555	-3.36997675000436
K01879	242.551107406013	586.206052322243	-1.7825543458884	0.975665082238599	-1.27311909689892
K00925	2110.38437610931	3087.76041471465	-1.68279108305953	0.975194294899299	-0.549055026476821
K01635	33.5923876503807	533.590508689806	-1.793230262773	0.974643267245334	-3.98952675767896
K02825	8.8105520882058	46.4998104827051	-1.6803767830852	0.974412152860936	-2.39992050682674
K09013	623.987823253711	272.356088696781	1.5680946972998	0.973036520669671	1.196023756117
K02530	89.7380403076478	17.7053076703696	1.56769709658652	0.972942827196572	2.34153776481083
K07180	25.0321337727157	3.15524820913367	1.56684204494584	0.972741867012073	2.98795586844054
K02945	2822.61505910269	3974.7053870604	-1.79896926924979	0.972481221737705	-0.493815537774135
K02358	9005.66806589914	11609.4745454884	-1.77084330961795	0.972313929485643	-0.366397467691045
K01893	698.207796080185	989.04767754674	-1.62458119513316	0.972034005759434	-0.502383602619359
K10563	228.235004608033	88.350329130517	1.56210186395803	0.971714602916654	1.36921266167732
K16795	0.793056484934636	12.048968933307	-1.800696620802	0.971702726736315	-3.9253422611274
K24085	184.924799185404	462.638780934033	-1.80075596094576	0.971675716521943	-1.32294749657098
K21936	10.1683781104511	1.24991577273823	1.5615723699702	0.971609728996651	3.02418679764787
K09554	2.94750751575742	0.493840383596163	1.5603861999939	0.971393219084884	2.57737876967631
K21275	0.564285788446483	10.409910197343	-1.6291700973158	0.971336012630712	-4.20538779711538
K04487	630.353537056332	1066.14745984163	-1.76821674207165	0.971240837196416	-0.758173888658172
K03931	181.683872286795	69.3943598815002	1.55915656360693	0.971185004323024	1.38854004437748
K00024	901.132723330634	376.488913552191	1.55797766823713	0.97100108079958	1.25913222646034
K23144	152.787811573336	56.0036163320393	1.55657180755616	0.970805645465773	1.44793756434515
K03784	85.9617031456157	341.778379694348	-1.83079171545378	0.970764104673615	-1.99129516547233
K05656	11.5882401623573	1.50602420027428	1.55395563829823	0.970519690930062	2.94384463144952
K00874	577.688597427101	360.599662287307	1.5534642054772	0.970473277671288	0.679893973013822
K20708	0.842505249146276	15.7282347608517	-1.76617729096485	0.970400252167647	-4.22252727561225
K11693	158.615981460554	54.7888231541188	1.55131695979915	0.970312957363718	1.53358461760558
K01802	108.917671400963	32.2062098970516	1.55060590651432	0.970274679981951	1.75782724775089
K02932	6.38057005805936	0.792980868651947	1.54978911616839	0.970232715673207	3.00832735897915
K09580	21.5662749955305	2.70400298977873	1.54893439930804	0.970200304786321	2.99560835864588
K11251	4.29301999097713	0.652288349554905	1.54647911090875	0.970134705586632	2.71841112483039
K03631	375.694651109781	215.624528952587	1.53811948888589	0.970127889380548	0.801039270885065
K05816	279.433653474112	116.933009483778	1.53956656802709	0.970122608568738	1.25682353010044
K02880	4.31497228115029	0.694872366109502	1.54535407466505	0.970121490484218	2.63453137812967
K02882	24.5320127626528	3.29142267868416	1.54074192855759	0.970117721766493	2.89788239482646
K01240	173.615686553535	58.9777345342626	1.54120251067595	0.97011579364322	1.55765499283826
K00609	2050.9788328435	1177.32060524765	1.54423422800199	0.970114165912968	0.800805357255255
K03095	41.0842537945365	7.43589083094391	1.541717030057	0.970113745997939	2.46600806882016
K13626	74.8414616106564	19.1797530598886	1.54201733096036	0.970113171855829	1.96425358813987
K02866	8.99222910494237	1.27447809372162	1.54277305121997	0.970111727423274	2.81877221725092
K07173	312.49159296335	587.41008589844	-1.66993154296672	0.970083682916599	-0.910550659990111
K10831	1.69175774838863	23.3968344619738	-1.72791506393647	0.969814408133445	-3.78971844834652
K19089	2.17909935322901	25.6057661215459	-1.76467520573003	0.969791427698045	-3.55466484411181
K00075	679.760110205066	455.7809216438	1.52424575376209	0.969770318624476	0.576685167238222
K00790	1228.67071354139	2241.08261026482	-1.72837818395123	0.969655677890641	-0.867097508054528
K08711	26.2822332701998	3.59457937268994	1.52069683389059	0.969497066591356	2.87019300480382
K02836	538.962312215302	1111.58424814339	-1.72900728574492	0.969446081716817	-1.04436099698381
K10010	42.3607718381605	139.071653321021	-1.60817497374088	0.96893576294572	-1.71502760695275
K16261	23.2660425975653	3.39321666683837	1.51514882360561	0.968875829555561	2.7775003801598
K02993	6.720466797305	0.960381486940301	1.51503406085737	0.968859652040168	2.80688194628695
K02967	2510.46132682307	3502.94738714655	-1.63872868305362	0.968511896261462	-0.480616818870911
K04094	312.904306643346	700.103236495816	-1.63877628182035	0.968496125692874	-1.16184616087678
K02865	16.5802519753169	2.02262914335397	1.51211667916858	0.968424898027489	3.03516220638648
K01000	224.490937261152	483.762897967032	-1.63979114166855	0.968164259328286	-1.10764292226106
K01621	940.322800423832	3404.03156304263	-1.80985432489774	0.967757714732571	-1.85601640899679
K03106	830.765467060015	1161.97277602237	-1.60432986435345	0.967213167196654	-0.484063114942469
K07568	701.820425596114	1154.37553653072	-1.66257905596485	0.967210881827457	-0.717938790464971
K09553	6.13431326118307	0.922837573291441	1.50500189123112	0.967065205784128	2.73275319304782
K01905	995.579327834242	445.094240333462	1.50482695923173	0.967027055870805	1.16142544261257
K09811	237.977018690684	519.083721059497	-1.64387971583076	0.966929436073526	-1.1251449842063
K13730	366.322985232539	160.560479641448	1.5037561366049	0.966793578201415	1.18999939538126
K27190	28.0806926840167	106.886326473707	-1.64484732245271	0.96667949808211	-1.92842687778885
K03515	3.50179436919174	0.561669445922365	1.50318587946547	0.966665694100574	2.64030113950872
K00702	291.455598858843	150.679740164552	1.50308433493174	0.966642909669708	0.951790665481324
K10040	8.2998403988075	42.4799162100157	-1.74027247967621	0.966397040678683	-2.35562542084803
K14205	3.30409692407567	32.1097995524361	-1.74156205145051	0.96618755488326	-3.28068574572402
K18682	1178.21303010008	1491.6280563029	-1.64769009451427	0.966061787720719	-0.340287425129922
K02066	59.4249761138154	10.8951756394571	1.50044089823729	0.96604463880475	2.44737996416191
K02444	10.8923065410575	1.80610978254757	1.50015108485018	0.965978784480789	2.59235199633463
K02469	2363.96850069497	3650.66296351619	-1.64841120743184	0.965951575770095	-0.626947670354802
K00712	3.04037682274362	24.5030135074124	-1.60156875863279	0.965891181281598	-3.01063714349567
K01776	469.307235059481	831.325596217497	-1.74853411297738	0.965816792465187	-0.824880930490129
K03070	3088.49981660151	4629.18952305523	-1.6560535494379	0.965760904883624	-0.583853384009257
K02315	50.7532733134817	130.686761683751	-1.60125749047859	0.965740854371167	-1.36454022982587
K00869	4.83017490520382	35.4719400296115	-1.65518271986239	0.965682844253247	-2.87653089976546
K23876	379.940356259151	629.706390090704	-1.65397218374214	0.965606268596343	-0.728906348114813
K11253	9.80504070879898	1.16677341380189	1.49649708863782	0.96516464876477	3.0709992018936
K02123	321.656415021273	555.961831146936	-1.59993748785793	0.965102445629088	-0.789465378295206
K07714	248.176427135307	547.110108007174	-1.59931447139265	0.96480359849553	-1.1404651215532
K08150	6.15915279669316	0.932889396141067	1.4945964795832	0.964769814709062	2.7229539694476
K09121	282.237211035031	133.024348170105	1.46446150674708	0.964609929669499	1.08521787567573
K07638	27.3142534877191	4.57355525504161	1.45483471295894	0.96449891403396	2.57826600790252
K02337	2122.24974454785	1633.08140052324	1.45328786322132	0.964338380470941	0.37799773791445
K25130	73.4845112375641	12.6676259715787	1.46800805866278	0.964337187312339	2.53629402104907
K14753	12.3999524598443	1.51932895203695	1.49176653772885	0.964244598516665	3.02882842078291
K22836	5.16128994190716	0.71752105102821	1.46991384032155	0.964155997362029	2.84663861398937
K00773	1111.83599845772	835.939267045258	1.47035388353114	0.964112613434049	0.41147396276116
K02071	486.975770431118	302.085442952229	1.47095525021306	0.964053139233011	0.688893328121991
K01916	138.366660433012	357.767127957231	-1.59768604322657	0.9640309444884	-1.37052447082515
K02964	10.1941257545131	1.2980326271574	1.4711880375387	0.964029992429428	2.97333950324425
K01625	909.15522850802	587.368246289082	1.45083873524978	0.964009794562367	0.630261365917489
K02871	871.512068931634	600.206174910291	1.4500338680238	0.963878309220582	0.538062481882024
K02930	21.2375792711264	3.1877094720447	1.47275406151093	0.963875666975147	2.73602727925035
K02998	8.84968528561427	1.44973262192242	1.48895522879629	0.963824763033868	2.60983930602425
K08786	26.1662663522603	4.10125729613531	1.44946939318424	0.963786215448153	2.67356992143
K02997	4.42762186907114	0.751048128349688	1.44917711507534	0.963735046127051	2.55955475131673
K02917	6.38915147835831	1.11604797887958	1.44904616901839	0.963710567596483	2.517225294505
K02006	92.5714770689567	24.5113461095372	1.48770870087697	0.963682499962654	1.91711802571961
K00668	4.53200525304959	0.83817155254666	1.44862700008749	0.963632250921835	2.4348320708921
K06665	6.71573584404996	1.02776732058334	1.47597086847531	0.963592380020883	2.70803179928305
K03234	18.2969564339076	2.40626803500452	1.44826738049131	0.963565110179898	2.92673442774012
K01880	1229.11896122608	846.013778008996	1.4791929544592	0.963404233943226	0.53887149073145
K20241	3.0323460659815	0.551963610010642	1.48396262006273	0.96340176499889	2.45778934932584
K02558	99.1370752856852	27.2032002545373	1.48112472891675	0.963362656556004	1.86564831362995
K06189	141.858383968328	57.2229649507273	1.48151948016747	0.963361743169805	1.3097852612989
K01207	430.150225793027	181.224478549451	1.44659188683065	0.963232566544633	1.24706275724661
K01904	2.6219537848333	0.523587724697095	1.44477814993329	0.96283939685682	2.32413907711648
K19851	4.07466515533377	0.603209970035127	1.44170272223246	0.962107332069772	2.7559493283308
K16899	21.8071872281636	104.757724977463	-1.59320942852933	0.962041251799137	-2.26418103120909
K09490	20.9448436334224	2.82266197105287	1.43994856912517	0.961662374335401	2.89146683985198
K15770	112.791311770639	43.2052109923667	1.4394880280264	0.96154400775221	1.38437871046899
K13333	2.81899703402272	0.521283338091425	1.43794671600099	0.961137473083937	2.43504230742889
K02872	4.23885297789376	0.751833770785843	1.43752652160894	0.961025046408593	2.49518830347264
K01989	652.293802727023	366.947617745935	1.4375194476209	0.961023135988345	0.829947790761725
K01903	187.464066061583	18.2082043676166	1.43652803281034	0.960755635002786	3.36395351929631
K00698	12.0342730668984	1.89699387324878	1.43515461114981	0.960380541281323	2.66536207373581
K00124	84.7338000010884	28.3230601875343	1.43423161509301	0.960126429822323	1.58096041913773
K00059	533.626751531056	332.56025182155	1.43386686468444	0.960024955491004	0.682215247346092
K12732	3.20031614134518	0.530284604223837	1.43300268431434	0.95978480125541	2.59337565956125
K02893	6.5350982561838	1.06750599972514	1.42660686619807	0.957950031431432	2.6139647490443
K01698	126.013616953322	45.6960490181772	1.4254557641774	0.957607776533345	1.46343830170764
K12684	35.9910450821097	8.17180760232948	1.42453762691963	0.957333167070282	2.13891085215302
K02895	101.726950497553	259.341515266345	-1.57587095568984	0.956934923674536	-1.35015122791476
K02823	151.205502994921	59.0092165977848	1.42219436248186	0.956612321862634	1.35749843570687
K02883	7.5883387114254	1.06802016325096	1.42154651723289	0.956410042034475	2.82884519195157
K12960	201.673022713773	107.205066732472	1.42002998160547	0.95592692527253	0.911645019069866
K16323	1.17950858702149	17.6550588786417	-1.57134106838177	0.955644418054906	-3.90382380562193
K05820	0.523800553203803	10.2854803494807	-1.57132842313296	0.955640202028979	-4.29544777816152
K06949	482.665438598372	954.500678661892	-1.57105726720219	0.955549849387356	-0.98372269752836
K00903	170.116491362747	320.02592053484	-1.57089383054037	0.955495438962449	-0.911665756161145
K02969	2.86575907068688	0.609945235878259	1.41815022528492	0.955312083213049	2.23216570405302
K00882	256.43852038021	534.419529066766	-1.56864308708236	0.95468850387518	-1.05935973889322
K08602	125.166371425037	314.268969013298	-1.43554512400777	0.954609876026742	-1.32815282314271
K02804	193.964200810535	376.355877835556	-1.42925028461947	0.954553535535531	-0.956307098725661
K03621	325.275009820402	731.381259317179	-1.42889474277299	0.954545080981314	-1.16896367251129
K00962	2367.13599519257	3152.2804386781	-1.42713564652847	0.954499784444906	-0.41325329480777
K09167	1.26091372436134	6.28388411965191	-1.44177679894759	0.954359648587904	-2.31718701095099
K01874	3784.63402583635	6217.97398179942	-1.41882300121095	0.954274532092581	-0.716290781620682
K01258	816.496476496129	1181.12159321692	-1.4170329229131	0.954232161364047	-0.532638928748163
K06948	239.660237781036	498.427768416799	-1.4436105068993	0.954204916994665	-1.05639387588351
K00525	489.487807437817	806.020419152859	-1.41463231131287	0.954176219652213	-0.719543462985043
K06183	21.6521949713336	67.3807911311424	-1.41200607520294	0.954110048412202	-1.6378240832785
K02431	33.6756464641522	87.7513573780212	-1.4115593573555	0.954097540687739	-1.38171580079449
K11069	363.327618768869	197.790261573107	1.41425065831845	0.953972217757564	0.877299642926776
K03501	132.027322222178	264.239475701489	-1.44582826139064	0.953963771036215	-1.00100949504747
K02040	183.230124726293	343.481461601094	-1.40177279197264	0.95363399869428	-0.906575520598116
K07456	908.572262537566	1267.43530472848	-1.40158813167352	0.953620113240952	-0.480238940153712
K02805	139.325279060144	59.8662418043216	1.41283880489514	0.95346604572432	1.2186424322609
K15581	109.428740043176	216.718412075804	-1.39960292858598	0.95346592241975	-0.985830034787201
K01805	215.938022525591	540.742790793516	-1.39762239868743	0.953294249391459	-1.3243252297119
K09888	0.982287358583686	7.97537013302227	-1.39642497344907	0.95318344843908	-3.02133443744468
K04108	108.134803374146	263.848815573346	-1.45122557256409	0.953149431720707	-1.28688057552175
K02959	652.421791730439	961.889936248437	-1.39538653423412	0.953083947461457	-0.56006685308346
K27612	0.828615954293945	6.6983012819457	-1.45179448784286	0.95304492240169	-3.01501976471963
K02109	201.16518821228	337.137078384427	-1.39469242647767	0.953015114202903	-0.744954636579636
K03574	43.3451800676617	112.133234777089	-1.45302726361375	0.952813298859464	-1.37127045534722
K00193	118.564519981472	238.315576163147	-1.39113172723518	0.952656723822281	-1.00720089527843
K03702	986.451652572483	1505.72026855866	-1.38810977162718	0.952360349342327	-0.610133523019686
K03609	81.4668922917174	182.180390198142	-1.38762276027586	0.952314660450712	-1.16108189652883
K02946	668.022150283406	1096.90454414194	-1.45561576016634	0.952289215722216	-0.715470138141999
K02982	5414.52813075214	8207.09865829511	-1.38735087516063	0.952289195882779	-0.600036681900803
K05364	74.0845283697205	148.305338214644	-1.38503716231132	0.952087312561183	-1.00132633796129
K02117	462.969111464391	677.650067900204	-1.3847251126026	0.952062124960138	-0.549624529083158
K00611	458.280658838146	747.252374133561	-1.3821712312537	0.951870278911519	-0.705364175712745
K09790	2.6882495310394	16.9028221661802	-1.45782385644005	0.951818861036234	-2.6525251805015
K01495	53.9455887995913	148.49396176861	-1.56248663531618	0.951802433597512	-1.46082736908836
K25026	705.738399120773	447.512451567051	1.40830985200281	0.951758774057184	0.657205684528478
K01938	2169.89591028719	2750.19787584745	-1.38001841730875	0.95173516485422	-0.341909585435703
K03762	7.20998694292045	32.8477407435561	-1.45897970720558	0.951568129479476	-2.18772559398356
K27188	22.3389034024421	70.7873287925022	-1.37613879687273	0.951540841446134	-1.66393276848857
K03824	2.14571955027804	15.4939920376824	-1.37464145246523	0.951477763145173	-2.85217547291033
K00848	380.211919304075	602.078443654333	-1.37445142105676	0.951470066711067	-0.663147705325182
K01915	1006.92317452383	1634.04944619895	-1.37197866095611	0.951371368207311	-0.698498026105426
K10844	9.99181096410931	37.4796137921373	-1.37184673373964	0.951366003615567	-1.90728799900316
K02335	1111.46924728034	1970.41582771037	-1.46114787792504	0.9510978814889	-0.826032090029932
K08998	89.3148556287798	179.220568984604	-1.36199579008627	0.950805496522239	-1.00476416163062
K02108	300.353715314513	501.837562278809	-1.36185614025624	0.950793520828446	-0.740557949937436
K12734	23.1559581730436	75.291749012017	-1.4625891997146	0.950792795959692	-1.70110831738886
K17723	96.3001944467212	329.18392435265	-1.36073418931134	0.950697506769254	-1.77328326745011
K01911	4.88418002810246	30.7912923754085	-1.4943250582942	0.950512849303121	-2.65633413826568
K01704	17.4364245552104	54.1607579140059	-1.3583838724751	0.950470002318265	-1.63514369075979
K02996	788.096576971347	1236.4178875188	-1.50227255136388	0.950424464314915	-0.649722091134676
K14051	3.41918366123247	20.1902206567981	-1.35792549597869	0.950422427540166	-2.56193285358041
K02956	329.128170893551	481.16410060919	-1.35742287603545	0.950370339788609	-0.547879492258775
K13727	0.517293930833612	5.00510375672874	-1.49232222474965	0.950321672708292	-3.27434380641568
K05833	148.238777878819	372.896914589131	-1.35585919050116	0.95019638254254	-1.33085396751022
K10762	1.2752381004941	5.96641644525489	-1.35500998514283	0.950097239356323	-2.22609804001814
