	Prefeed_HiCHO_mean	T2_LoCHO_FAT_mean	theta	prob	log2FC
K03310	497.463603689018	982.37025122715	-3.22474020071668	1	-0.981675896228798
K10671	367.730849179387	1049.00527171537	-3.16748631466674	1	-1.51229981276076
K10672	267.643552512692	823.810016580365	-3.14745956741672	1	-1.62199876902657
K23876	411.610135803687	888.881300792278	-3.05070688719279	1	-1.11071226897094
K24846	3.75322023649716	161.835911572509	-3.99465136794794	1	-5.43025901962881
K25674	206.800872772272	565.319405545572	-2.93726888730026	1	-1.45082394644764
K02890	407.060531924195	766.027270111619	-2.67183065039778	1	-0.912152405775876
K20525	0.762322476186196	58.661524298643	-2.98986542507695	1	-6.26586933635456
K02963	498.187841061141	1230.29302084167	-2.81342787870015	1	-1.3042402492339
K01647	162.775154883993	400.553171338747	-2.8481899623809	0.999999999999999	-1.29911325429938
K02117	501.559720370402	1122.88156881608	-3.27221273203652	0.999999999999999	-1.16271237672262
K07548	35.4638201069182	174.251337005769	-2.76881400503858	0.999999999999997	-2.29674987117008
K01874	4100.10071233183	16163.5172001487	-3.53526703514853	0.999999999999997	-1.97900991162499
K04069	172.342566071515	596.998613428279	-2.77302997430016	0.999999999999994	-1.79244851076539
K01489	129.258532258657	517.201544516498	-3.38870382006098	0.999999999999992	-2.00046706856811
K07714	268.863075989647	1295.8371926143	-4.51735538450973	0.999999999999985	-2.26894092816904
K02990	378.754194714556	885.091169030382	-2.42143302492708	0.999999968450559	-1.22456420143528
K06398	126.723998674071	334.650613459579	-2.41786563803693	0.999999922738365	-1.40096589462714
K08998	96.7596604283159	270.793679361906	-2.59734878269647	0.999999812034092	-1.48471645373709
K07175	48.564308870257	186.407762650635	-2.4130132015302	0.999999753309047	-1.94049360439073
K10823	213.943785206184	475.673936347445	-2.58498971254912	0.9999971675556	-1.15274120660221
K25676	60.1761425631797	230.080300254132	-2.5749682882267	0.999982340140426	-1.93487392911047
K01711	74.356057851728	216.788406660572	-2.27202024909737	0.999937386429292	-1.5437654170023
K02867	1069.87776901482	1696.91595421929	-2.26950026431505	0.999931929800455	-0.665469130490475
K05662	1.53395654923983	22.0826877410993	-2.56578176835824	0.999928676885502	-3.84758625411164
K07775	228.599202518944	458.050829483897	-2.27846442634694	0.999914034827777	-1.00268733112291
K15582	109.204534271247	275.216656926529	-2.56336351423783	0.999901628445382	-1.33353502934853
K06972	335.159494181672	689.350378726324	-2.25698835889821	0.999808890740548	-1.04038965125979
K01012	357.896889033044	770.824003490477	-2.29212365155589	0.999621533546307	-1.10685749452398
K02118	495.98146793875	838.788561268723	-2.22925674627469	0.999235231356285	-0.758020971089347
K05795	24.639347424768	108.585140110613	-2.30061481884395	0.999200839471505	-2.13979073191242
K08325	40.6807434265745	228.062349463143	-2.53563017088379	0.998989064396233	-2.48701034422806
K12941	63.7388840386459	189.83394824742	-2.21214304829986	0.998980501558056	-1.57449234915763
K25675	81.2812801347856	303.525213547555	-2.20218777148396	0.998850551515396	-1.90082133570518
K02906	1562.26638546775	2524.34232443018	-2.20061011285092	0.998833239501055	-0.692267094978134
K01712	161.45246280343	376.332215613305	-2.20007513030455	0.998827474437468	-1.22089734737057
K11180	428.793831449	1343.58081613809	-2.19837664453368	0.998810700245371	-1.64772704509541
K18908	687.692333438218	982.780561121174	-2.19806959417835	0.998807697841702	-0.515106060072051
K01768	64.962052034512	242.55778777727	-2.19613243637572	0.998790475123878	-1.90065939023374
K05311	50.4149794730212	252.439721934216	-2.51837297774003	0.998787280089554	-2.3240145782845
K02968	268.717451466737	531.630199549158	-2.52741585594541	0.998754376042533	-0.984333041896896
K02243	129.276347404276	479.610775915533	-2.18458016484032	0.99871655840808	-1.89140573202133
K07058	117.039186055036	286.946180030966	-2.15731608813455	0.998713861421077	-1.29378852721403
K18675	89.4793410852787	308.735139178508	-2.15901975269421	0.998691609684333	-1.78674315719548
K11751	77.5209364693064	226.39905391458	-2.17214772262644	0.99865109324173	-1.54621002535858
K12538	43.6692874911968	192.630871616324	-2.30928610369945	0.998614924254076	-2.14114803507076
K02123	348.467959478165	605.487857387056	-2.31075602201534	0.998511044573632	-0.797072017057426
K09825	427.745044068081	825.539319882522	-2.31192956238365	0.998429578196486	-0.94858579188515
K00639	386.322126813506	875.127778263108	-2.34438054938013	0.998301123523131	-1.17968937054664
K00187	1796.32985706305	3313.38389757974	-2.1068126595806	0.998281825370324	-0.883253073539561
K00656	2179.17115839617	3564.20862849737	-2.31838888808283	0.998028079554974	-0.709802272153071
K24085	200.339133372438	510.300542018625	-2.33895347082969	0.997995583158353	-1.34890291565579
K03305	195.738119672359	439.708857974329	-2.32076021091917	0.997913740753838	-1.16762385028425
K02804	210.132010778613	468.701648936197	-2.3325028645715	0.997769144456381	-1.15737391647178
K05805	0.694153323837242	15.9513690013061	-2.09058594407899	0.997746156832676	-4.52228207719919
K00091	0.705428436558389	15.3728690894633	-2.0749177133572	0.997158693898539	-4.44574290140227
K01266	0.882645419620723	6.31368932044402	-2.0084774776481	0.997108384899562	-2.83857737800278
K15532	110.300335175148	251.305440309777	-2.00588299138248	0.997094665341252	-1.18800472837808
K00860	30.2354713367007	128.883619277369	-2.00557838220425	0.997091585719833	-2.09175493886854
K27244	22.2899908064575	91.5677111666238	-2.01241448238991	0.997081461714608	-2.03844293973664
K03088	532.526263354494	933.269095180881	-2.05864989541661	0.997031656034863	-0.809440443601769
K01054	62.7660333556888	157.892857969455	-2.05866340831541	0.997031652352994	-1.33088997220215
K00929	314.577918073353	613.068077465223	-2.05596779344858	0.997029964861743	-0.962629881548762
K10793	670.870691874879	1156.33710668992	-2.05402845953212	0.997023949350693	-0.785455424112799
K00613	83.0442016030999	249.859024584848	-2.02296025433217	0.996863131745325	-1.58916298380099
K01844	92.2818927818092	333.220708402935	-2.02520688432832	0.996820367666076	-1.85235856114745
K06206	62.5285312348525	167.560200653427	-2.03354790872446	0.99676453601271	-1.42209298239963
K05825	270.661160072914	579.710175176817	-1.99080678092682	0.99660616865934	-1.09884393287889
K03473	84.0905426072405	212.405630676621	-1.94395615751126	0.996441419963312	-1.33680655171159
K02338	102.045214226269	210.285464941944	-1.98668629995083	0.996430227278718	-1.04314060992987
K27684	121.418954126089	246.89756743543	-1.94197202939379	0.996380701539808	-1.02391897103724
K09759	22.5238966092831	74.7321505952005	-1.74735143766991	0.996216062925707	-1.73027260621379
K05290	1.00763001341502	16.7993149011803	-1.96795818770418	0.996174176173567	-4.05936449388248
K10010	45.8917373788042	123.636229514915	-1.7399873927092	0.995977636969365	-1.42979523193942
K19545	73.7599048329173	170.777612553198	-1.76315635315806	0.995931083247648	-1.2112101632145
K02315	54.9837925266217	139.324320574976	-1.9326268971325	0.995780685948042	-1.34136879222904
K03462	109.833441261873	600.709176677765	-1.73248206609482	0.995513091033727	-2.45134932104263
K18332	182.109540301189	304.10250937507	-1.43146920362039	0.99542089551379	-0.739751217384057
K03588	98.607140853293	170.019297671509	-1.43183980088007	0.995420705233747	-0.785934474189331
K20859	5.77726927010334	20.112052003091	-1.43248816340767	0.995420371393112	-1.79960064193477
K23753	53.4362097814925	114.690913747254	-1.43570479991191	0.995404135502897	-1.10186151354891
K23007	2.17965551065592	11.8424475968107	-1.42768788781071	0.995397575147397	-2.44179524433584
K13048	84.8616132946156	190.378027128758	-1.43741228101639	0.995384350428638	-1.1656829657256
K00857	57.8408191334106	153.884181754462	-1.78411003937219	0.995336901350613	-1.41168505127869
K03572	946.469712841245	1383.29761294327	-1.72984387471048	0.99532708334434	-0.547483336687264
K18195	5.2023089206635	20.8266999350776	-1.42134490544753	0.995287643475657	-2.00121028104536
K18324	106.451118185143	241.970091991454	-1.4426042048415	0.995275073904888	-1.18463763415551
K03183	39.0162808859667	90.6136642394491	-1.42005608439701	0.995255582405693	-1.21565235652192
K03470	45.7358957479536	109.188489095334	-1.81045268166235	0.995212042153491	-1.25542196003526
K16201	16.0816948158904	60.8221488929943	-1.81599166762241	0.995211822142052	-1.91917733167136
K21993	0.871933941458417	5.13048128029458	-1.80837589508349	0.995208534028046	-2.55680342423525
K01482	2.02702174943331	8.30753768304963	-1.41830537408476	0.995207686826381	-2.03505936336443
K02864	899.75833954676	1312.5318907532	-1.79902511985126	0.995207344000239	-0.544743002385715
K02946	723.704874905354	1093.68445826585	-1.41779980613315	0.995193455336013	-0.595723167677384
K01734	75.5277407781666	145.339229347907	-1.44586761264511	0.995168899332692	-0.944345623596799
K06204	2.6584291726442	11.435883259285	-1.4167749179531	0.995162343317172	-2.10492186276197
K00364	48.5740141215791	154.175730608748	-1.41642050663055	0.995151477512183	-1.66631906330183
K03512	0.872018861888512	5.03641356299098	-1.4153701399757	0.995118620215822	-2.52996550807485
K01448	539.371196411776	921.518187445767	-1.826138921814	0.995101859815632	-0.772734159138609
K02913	180.514793789908	328.31872637661	-1.82774296025505	0.995065600518133	-0.862979963892774
K04088	16.6353688188676	43.9274511038626	-1.41366132053785	0.995062571508118	-1.40086893706013
K17898	35.5214471244245	110.833073104247	-1.44862270472736	0.995058302890782	-1.64162618993067
K01615	32.8959087821881	98.5194760183597	-1.82848062787844	0.995046794924124	-1.5825007856305
K23361	0.568237624977359	2.44232127501608	-1.41233391693041	0.995017113212351	-2.1036867264191
K15580	462.782537666593	700.784606950579	-1.72503189322212	0.995001663633269	-0.598636658079029
K03308	760.912560583028	1072.50826072271	-1.72476842033496	0.994985139060831	-0.495186177082949
K00926	365.284047298139	552.36854027191	-1.72393311844551	0.994932984194477	-0.596612404711308
K20862	4.42134314778568	23.1359621348716	-1.40885812672745	0.994896134976725	-2.38758048252981
K03412	16.0280704776011	55.5935659485153	-1.72305005273852	0.994882992104119	-1.79431716549143
K06894	126.199602176752	237.960837554402	-1.45294218109162	0.994848033837931	-0.915016798813748
K19354	24.3225664598236	73.6366542643626	-1.45312452383322	0.994838099571238	-1.59812861167467
K00710	0.879662335265769	6.31487095952679	-1.40655840422765	0.994816624356793	-2.84373150751256
K27084	0.847082543090014	6.89805492425848	-1.40446674770699	0.994746746160341	-3.02561515252999
K04772	62.8058413668512	128.741122030601	-1.4043298298402	0.994742236436265	-1.03550229684289
K07322	13.8051396906436	41.7137327580117	-1.40403991184591	0.994732698829136	-1.59531693147139
K03317	37.4614884799977	133.816730178068	-1.92325951451155	0.994710744390243	-1.83677836810697
K02431	36.4826667818675	82.5899406123735	-1.4028509354903	0.994695552269385	-1.17875488289421
K02416	15.6104702297919	50.1787000474937	-1.40226213105505	0.994677290187191	-1.68456110024306
K02188	33.9892823384308	76.5948983667074	-1.40129336674796	0.994648766846422	-1.1721684034457
K06079	20.098191365422	73.9993545453925	-1.39871917102123	0.994578106946784	-1.88044700774372
K22934	5.88903714543071	48.6292091560591	-1.84165881395646	0.994571154393703	-3.04571945105415
K02919	32.4009546626798	81.113782399508	-1.39786123749214	0.994556423344464	-1.32391074858508
K12942	25.5077193764513	81.7983154319856	-1.71116219178064	0.994490655378995	-1.6811372178062
K02945	3057.89303152186	4009.61215552608	-1.71068416836199	0.99448575027576	-0.390924752933993
K02601	1005.90579497664	1572.72149546997	-1.70310391334992	0.994470576755321	-0.644768014216848
K18785	167.392580249709	374.940719367567	-1.84416670243581	0.994470472827673	-1.16342693270659
K14213	148.160851661568	328.990326727983	-1.70481852080296	0.9944696259945	-1.15088086848888
K16092	123.258867762428	274.561976385737	-1.6992358536119	0.994464238537767	-1.15544039907349
K02935	304.77040702497	526.447881004135	-1.84435542263238	0.994462974146162	-0.788567884675632
K22405	211.135568038078	343.539616979193	-1.69738157054288	0.994452175792243	-0.702306843665924
K05846	161.444798800877	355.765545046992	-1.6970644286572	0.994449613345233	-1.13988583316599
K10761	4.08556396610308	16.4410691314128	-1.45974086757446	0.994448140982822	-2.00869697274496
K07258	172.133189888585	287.347498511869	-1.69674521391392	0.994447040561672	-0.73927119224919
K01730	0.933724394646042	5.35295454555806	-1.45992993968576	0.994436225694712	-2.51926672131252
K22468	1.67908085666365	10.2448368887532	-1.39154868607712	0.994429441872182	-2.60915340444265
K02779	18.6933743655075	53.3867619216361	-1.46020121269607	0.994419109570448	-1.51395503221068
K00610	125.931656343307	298.671494792267	-1.69412337438793	0.994412357788271	-1.24591856416036
K03741	21.9555671378071	54.1585182721089	-1.39044964754313	0.994411844050797	-1.3026014671915
K02557	53.7962468190479	138.339663183161	-1.69350783435277	0.994401658717095	-1.36263741951131
K10026	33.0823921663153	97.7015429428303	-1.64931643007237	0.994385091163949	-1.56231778738176
K07636	693.791082609299	1056.54307175873	-1.64520540164498	0.994379373897919	-0.606778379664732
K01455	0.673442738945692	4.67474536575862	-1.38601931663105	0.994351089809217	-2.795260595803
K26030	2.65979374867644	14.1385377231486	-1.64205536227407	0.994347312950985	-2.41024663459052
K01843	113.746549485625	355.091315026789	-1.84776183164542	0.994335132849173	-1.6423672930876
K07715	77.4068891082785	302.796293315505	-1.65419471423049	0.994330405228792	-1.9678136695622
K07799	5.67442652432334	20.0899443146725	-1.38179730545506	0.99429653836649	-1.82392706370067
K13015	3.70714883317813	12.7761432854628	-1.38173224034541	0.99429565418653	-1.78507045569693
K05847	28.2188878488238	90.4722550824482	-1.84945754135179	0.994276221671312	-1.68081430191106
K15553	23.5667317504853	67.0941591276236	-1.38029571782875	0.994275828560346	-1.50943547969861
K18012	19.5758989031138	73.2333847577481	-1.6369368303988	0.99425771946795	-1.90342292102665
K06177	23.4106408578963	61.9311772313061	-1.37761051723999	0.994234309042257	-1.40350144182676
K01039	62.5228333142614	142.754007737511	-1.37724066647847	0.994228194381616	-1.1910761862169
K17998	246.815770022392	407.502528472635	-1.63500182129726	0.994218364397653	-0.723374434162503
K18770	2.67699565913017	11.7301645399915	-1.3755070277463	0.994197342918195	-2.13153654561361
K02356	645.495790136774	913.622683284892	-1.85353749495842	0.994148523412095	-0.501190783717358
K06142	6.75674859994511	33.2722622532496	-1.63141171865763	0.994145339927077	-2.29991887900792
K01449	8.54961591871037	25.8201515511392	-1.37278561917791	0.994143117903709	-1.59456595334075
K08955	1.87771567807929	12.0547460235402	-1.37204741240115	0.994126359587265	-2.68255072258369
K07279	1.34990708884209	10.8382133770023	-1.6627543537729	0.994125629544842	-3.005194937276
K02527	24.9116281646633	65.9501131302856	-1.37200773502043	0.994125459548427	-1.40455581849547
K00956	65.6163102483388	179.674044220801	-1.85455446028229	0.994118851591044	-1.4532556363525
K10126	1.89680635855411	12.7321285591475	-1.37162014755564	0.994116677657525	-2.74682932005792
K03168	504.517332779461	719.158468515596	-1.46512034583898	0.994100916233268	-0.511405873234703
K07796	31.2171302150665	76.6613533143294	-1.37087765455402	0.994099905467776	-1.2961615497477
K04022	1.2185852167475	4.96375734087702	-1.37063331436358	0.994093993229922	-2.02622544581035
K08784	12.2191406981085	47.9473139968195	-1.36956003411113	0.994067627781475	-1.97230716561305
K07192	135.330913237678	432.044641250397	-1.36950406861456	0.994066257126189	-1.6746889598567
K00767	21.3051231298545	56.0328617607581	-1.36914935322459	0.994057579300834	-1.39507278768366
K11927	68.6813440677741	158.841167344102	-1.67927755167858	0.99403751814908	-1.20959469084276
K02429	197.623106247318	349.844159883828	-1.62447286855465	0.994028196228768	-0.823960770443163
K19051	1.86153182204238	15.7548983454006	-1.85785707110856	0.994027112090082	-3.08123826202083
K07462	185.882968528786	354.175754873067	-1.67801770972669	0.994014380789413	-0.930070865863956
K02226	2.54574954756361	12.8385340834991	-1.66811286245831	0.994009394867208	-2.3343180854287
K09181	0.7890829316467	4.08498574456093	-1.36716490810615	0.994005627668068	-2.37208220498799
K03527	1228.49143195009	1661.86377299415	-1.6686676138282	0.994000830782596	-0.435914330008707
K05845	158.676896603526	338.281491964832	-1.62009694321619	0.993980611005805	-1.09213215995393
K22857	3.22587642372321	18.5111701566953	-1.61967178865221	0.993977141533193	-2.52063301778935
K00634	98.025993535205	189.157626305936	-1.36599912060049	0.993973539087618	-0.948352678727548
K24948	36.2704882584697	99.9414402977677	-1.61888416205688	0.993970736398819	-1.46228684309425
K26265	26.9153893175309	106.670553904481	-1.67231351710361	0.99397003796158	-1.98665878088197
K13694	44.3756575064981	157.522132433032	-1.67326683561104	0.993967843416352	-1.82771414581887
K13017	3.20879849605095	16.2649571651385	-1.61713667544406	0.993958963627642	-2.34166192275603
K07666	1.76438129656488	17.4424064200983	-1.61680161549632	0.993956818419435	-3.30536481613219
K22292	86.5433052239483	270.770474417538	-1.61353540779516	0.993941060577435	-1.64557630621907
K00957	51.4951256947065	132.868066226133	-1.61212985964139	0.99393554904265	-1.36748662148085
K03101	74.6416167614542	168.283761458376	-1.61174805291	0.993934173594058	-1.17284382964571
K02395	32.4663185375621	130.771069997808	-1.61137767270713	0.993932842080693	-2.01002770693944
K09787	20.3965496468622	70.0084970968585	-1.60907685622782	0.993924596756214	-1.77920491459946
K06153	153.208637427094	259.408974529615	-1.60836030842645	0.993921844717653	-0.759730757802811
K03074	67.3601938668782	132.26912133637	-1.36359375746763	0.993905288872283	-0.973508103307622
K00666	46.5690782087073	114.45218408314	-1.60389048366921	0.9938998393287	-1.29730076325011
K19702	26.5646543650486	89.20471582141	-1.60292300415829	0.993893748324285	-1.7476120385565
K02888	669.688753572203	926.055579433764	-1.36300042553856	0.993888221645217	-0.467608042533528
K03406	44.7569670345944	120.412248016082	-1.59676762408568	0.993828406755724	-1.42779796649103
K13598	16.8951764768392	55.5978168432263	-1.3600897225031	0.993802132548431	-1.71841681372087
K05942	10.7052549256124	44.0034423326673	-1.35885280217833	0.993765490385876	-2.03929723712608
K10268	1.98778810391447	48.7019838888153	-1.59307578909559	0.993765301620985	-4.61474466162601
K08358	0.532039418554049	3.83448280078815	-1.59119164979904	0.993725494431033	-2.84942695516756
K14742	22.1837306153403	56.7384766675191	-1.47206769591546	0.993661422322239	-1.35482541474663
K26937	1534.75300385608	2738.10626672422	-1.87106095891949	0.993526359839299	-0.835171945587964
K18898	29.4344153203213	72.8667791656359	-1.3493740509627	0.993500827854495	-1.30775725204072
K15583	203.232769144901	333.324681169456	-1.52453752593875	0.993500570015606	-0.713795106122357
K13059	101.300202532219	192.672770150436	-1.58301930808228	0.993499937468009	-0.927515635829488
K01373	0.55756565087917	3.47341587801526	-1.47493161230872	0.993497535204372	-2.63914156632203
K19304	483.585763667904	678.218505548362	-1.5254742331559	0.993488348149761	-0.487978376031467
K00796	80.7403748531862	169.165151514035	-1.52555207135149	0.993487160863818	-1.06707020997944
K02119	86.3341235750496	194.250035186707	-1.9139778015916	0.993482670388686	-1.16991205730003
K20509	726.506015181722	973.484063606203	-1.47549136483643	0.993467091936278	-0.4221826186894
K14051	3.70418837576102	17.7796460130305	-1.52718596757635	0.993460757371592	-2.26299722731962
K03577	4.60375550501668	15.5891468759249	-1.34770439287555	0.993459583643837	-1.75965885560325
K25261	10.6293432897196	72.4872438054505	-1.58152915031195	0.993452478490454	-2.76967466826691
K18967	1.10567311774014	4.98959080421141	-1.52781123145913	0.993448261531288	-2.17399657628902
K06911	25.3530658226109	78.4396053403681	-1.51246384405329	0.993424215863789	-1.62942206094485
K14977	100.566692320834	222.386186915715	-1.52900073888371	0.99342384013671	-1.14491461686615
K03543	53.348860736081	141.395772557318	-1.34614514266858	0.993422664664788	-1.40620961941289
K00689	46.2320870543635	108.411681596341	-1.52922244986436	0.993418639089197	-1.22955382190517
K24298	0.871664535789237	4.58126254376422	-1.34596074781168	0.993418351662157	-2.39390032450244
K21023	4.59881021458125	21.2679927808629	-1.47651628782133	0.993412892746214	-2.20935131544904
K01277	49.7341926393211	121.257813211575	-1.52953619538303	0.993411270276831	-1.28576774799412
K22278	86.178310821563	159.399305723704	-1.47675096816365	0.993401217768015	-0.887248619952936
K02647	76.886669443627	151.686476278116	-1.47694197952565	0.993391705256334	-0.980287075221601
K00793	6.55029703080748	28.8459730899714	-1.53069013217315	0.993384079634948	-2.13873769816606
K01465	231.699165090439	362.94115585914	-1.50970486568442	0.993354197240301	-0.647482815506017
K19052	4.50909200573708	20.2445703935338	-1.57824501377385	0.993344385751491	-2.16662617531207
K19607	0.808994654223525	4.58866812095749	-1.47797237585751	0.993340235447822	-2.50387339188829
K16250	1.0845709358094	13.8092798187702	-1.53258430971236	0.993334252765305	-3.67044176221797
K08740	0.973943524058733	4.95090169994054	-1.34207001808793	0.993332450737056	-2.34578128243288
K01186	61.2499483019859	137.375979173174	-1.34179554728242	0.993326628092004	-1.16534923277015
K01596	33.9708043531521	84.9778517563951	-1.34146943035224	0.993319767154532	-1.32279149428799
K21523	22.5889631066534	81.6311420117848	-1.50845881702006	0.993318733394515	-1.85350159189379
K09808	12.384489938105	40.7630788190045	-1.34029163552077	0.99329549296906	-1.71872857016244
K13787	90.6469819546444	176.178635189579	-1.5076527244393	0.993295326778892	-0.958708090208682
K04096	318.798011643269	485.458781905575	-1.33997947489806	0.993289081986236	-0.606706176972097
K10548	191.03289535669	423.348382861903	-1.53448527943172	0.993280955754155	-1.14802429025486
K25314	52.150203859844	106.70515867927	-1.33805916600948	0.9932502661061	-1.03288512769498
K20903	43.4845634810526	101.302365959287	-1.33798960865694	0.993248870196879	-1.2200926124413
K07309	11.1845168341772	36.1924357864015	-1.33690354974243	0.993227066464179	-1.69418527176653
K02892	125.28154677542	231.007128451158	-1.50514765491442	0.993220551138217	-0.882763441285173
K00854	488.243377564418	689.800386199446	-1.53743181098248	0.993195816180454	-0.498578460704943
K03826	7.37295964038165	27.5091455899681	-1.48243655274605	0.993154458036768	-1.89959556671821
K05595	4.81168615589903	19.4178144311363	-1.48259146219881	0.993149330720942	-2.01276637724504
K18881	67.5442825506991	158.650677912644	-1.53973204933653	0.99313051606628	-1.23194812647132
K08255	121.435639677432	297.961481624342	-1.50147296033486	0.993115830999401	-1.29493394647961
K24289	2.87290392468634	11.5835271462984	-1.3311195639561	0.99310768882396	-2.0114929638125
K05788	0.987597325001775	4.51453503777781	-1.33067168833719	0.993097883413585	-2.19258257499029
K10441	613.241753807287	933.396556531647	-1.54104458400008	0.993094747847542	-0.60603421579372
K18028	5.92183905877232	28.7065449601909	-1.56933046198339	0.993070757989734	-2.2772625150285
K01082	45.9389184664344	117.345846463448	-1.49960857902595	0.993070122776311	-1.35297798052672
K00812	182.043631210632	320.475840351618	-1.5691777274693	0.99306681728984	-0.815931331744172
K02224	53.3138076139047	124.058862158723	-1.56906431903732	0.993063893066861	-1.21844367140962
K08961	2.42860770048705	10.4077322309732	-1.32907713943204	0.993062034775623	-2.09945437863284
K15555	264.098574332284	486.622904314357	-1.32824278055682	0.993042782904025	-0.881727712978278
K02106	17.4082823451347	124.384356040442	-1.49792293578346	0.993035926558784	-2.83695928141845
K08660	18.4318516410248	58.6363138721856	-1.49779338224956	0.993033320487398	-1.66959340277372
K01495	58.4422022194039	145.501001998349	-1.8787236530928	0.993031539112991	-1.31594664042241
K26933	2.62551019225505	13.1437604100213	-1.54396127697896	0.993022062741892	-2.32370838624462
K18013	19.2949844889337	51.72796468789	-1.3271567873922	0.993016504544243	-1.42271854361086
K02881	412.235465516592	624.493574898062	-1.48792847512407	0.993012998750179	-0.599218100323269
K03616	122.465921062118	211.938222555072	-1.54492112800689	0.993000633175355	-0.791263455548846
K11357	0.944407058474311	4.60263414280031	-1.49489891711258	0.992993769466152	-2.28497903984479
K01364	47.6263864617318	159.429404488095	-1.4936436595989	0.992983591107095	-1.74308474154008
K23989	27.9543954819276	73.8147575907192	-1.5466578295672	0.992965227017509	-1.400834132551
K16692	70.3917447302084	161.777781268664	-1.56426362361756	0.992956958340123	-1.20053532987499
K26889	0.54830297648854	3.61253230849001	-1.32356687571085	0.99292377289006	-2.71996527983055
K01744	99.6391939032527	241.852187195391	-1.56151884003131	0.992914850196907	-1.27934032977716
K07154	244.025792946466	451.167802693506	-1.54990847939883	0.992914701980092	-0.886630469100663
K14591	14.8585030414873	41.7732568538551	-1.32286651437039	0.992904320389122	-1.49129085253397
K00806	786.870552736176	1070.13941504728	-1.55946428613187	0.99289373868314	-0.44360053542849
K01912	59.9963067837433	124.437679995419	-1.32203325132993	0.992881213582793	-1.05247780274198
K08307	26.8348878498442	82.1692021673757	-1.5550554500432	0.992878835528102	-1.61448790008001
K03630	129.876696609138	214.26714022556	-1.32167243992363	0.992870668592371	-0.722268021333912
K01451	0.565807540579411	2.58956569273356	-1.32107677242484	0.992853294720552	-2.19432684864174
K07089	4.56958184381221	16.3625235086598	-1.32106412847717	0.992852926404832	-1.84026120756177
K02419	5.98451034373032	19.4311785620198	-1.31955813262857	0.992808471955026	-1.69906829263714
K07647	12.8428794581469	36.0590385325325	-1.31841396645886	0.99277392413819	-1.48939222923676
K02078	120.986103269657	217.07249187069	-1.31650832194392	0.992715087754515	-0.843335568661698
K02965	370.963977112446	576.59937433513	-1.31592826072034	0.992697079236006	-0.636290172301802
K27000	3.40333569656411	11.8509242819099	-1.3154564793689	0.992682364455953	-1.799978215463
K10012	24.2134563193714	54.8833191201141	-1.31527750247245	0.992676789527269	-1.18055870275698
K03296	149.461698150905	288.758936653763	-1.31254020011619	0.992592293450538	-0.950089777367107
K14487	19.3482309697605	51.4157207951923	-1.3105164631142	0.99253204698339	-1.41000787799476
K02916	81.4599737660099	152.50091037192	-1.31032526679773	0.992526435762222	-0.904654600199517
K25137	28.8789382788861	70.6880827735708	-1.3085753599767	0.992477296040634	-1.29144930998943
K00198	514.471126384913	708.788486338105	-1.30704390265166	0.992437522007354	-0.462265057586079
K14059	2.27457118204825	11.3614111903639	-1.30693927922306	0.99243483911622	-2.32047555261423
K20429	145.226299117564	268.1971719349	-1.30679889088667	0.9924312407778	-0.884991288999835
K06969	115.776677103187	206.434004594374	-1.30275397344707	0.992342361049365	-0.834335980947661
K01629	271.349981374406	493.896816795234	-1.30127879912821	0.99231708838498	-0.864054860807553
K03530	125.073827429795	233.628476112757	-1.30111315018265	0.992314333810953	-0.901436202617104
K01040	5.02478867182087	17.9301993375885	-1.29936999638718	0.992289032584694	-1.83525670027426
K07498	33.4909270896362	118.550434558868	-1.90009485623908	0.992271199478118	-1.82365873305061
K02168	2.01803462539816	15.7721526172299	-1.29571395628736	0.992250957027745	-2.96635674217885
K01476	10.1773102330187	30.9357206918452	-1.29444579489379	0.992241558674787	-1.60391732287095
K04108	117.148337544797	222.700342318847	-1.29308249618447	0.99223352366957	-0.926767294711541
K10211	1.50938646813861	5.58481980521608	-1.29133440764532	0.992225565567343	-1.8875484873409
K09684	36.7822911093433	74.2363628383752	-1.29067371419771	0.99222284923855	-1.01311468261888
K00019	1.23394725944711	5.73971746179086	-1.29000960767919	0.992220438914116	-2.21769898873694
K13985	19.9960671702492	54.9374062560659	-1.28634342103085	0.992206927752905	-1.45807252007185
K07718	68.0056650156317	124.715449266571	-1.28620905782454	0.992206358001261	-0.874913355681211
K00962	2564.4476886852	3062.18276710861	-1.28601189753064	0.99220552241901	-0.255912250445535
K01505	2.61209782389258	8.89130960976587	-1.28538864752662	0.992202884571605	-1.76718700339883
K03628	616.76924905396	876.191406533979	-1.28378713141467	0.992194703289201	-0.506515228133305
K03609	88.2575331819349	157.811064799542	-1.28375948126093	0.992194554326819	-0.838407032997057
K08674	13.8931430815972	45.4421852591401	-1.28139728643041	0.992178841133846	-1.70965919308686
K07720	16.6473333417059	41.6750892279357	-1.28128268796655	0.992178017642237	-1.32389419083157
K21400	15.1563207431488	50.2688620581397	-1.27987943747133	0.992165539738545	-1.7297454548745
K13940	3.60521402356503	10.7571009663609	-1.27986865667123	0.992165441158041	-1.57713251191729
K13560	6.73274140813182	27.2722443898196	-1.27983271473384	0.99216511252616	-2.0181674729933
K04564	251.831976113631	515.236963717502	-1.27945364265126	0.992161648769942	-1.03277461838766
K20904	22.5240463146212	58.1914180187805	-1.2782862987252	0.992149179269911	-1.36934037984731
K10670	93.2112989890168	171.180577522954	-1.27747086609126	0.992140028668832	-0.876942267299632
K14726	9.02550902073523	32.2459943850696	-1.27679053296682	0.992131519630483	-1.83703975477036
K07717	2.55392077266008	8.39811340191602	-1.27590941411608	0.992119715069643	-1.71735149872221
K03072	73.964734351457	131.886691347257	-1.27348337208063	0.992084278409619	-0.834389512780791
K21519	0.807119205669849	4.4243317517489	-1.27289510532912	0.992074846673087	-2.45460589793296
K04765	10.1386454723121	27.5277862445785	-1.23435537428727	0.992059438770326	-1.4410236740948
K26425	1.26440327975464	5.66886591185291	-1.23362692905111	0.992058207338118	-2.16460346228042
K16963	1.89241719282542	6.25900035432587	-1.23550840524865	0.992056189947782	-1.72570208488337
K03658	14.2765594524105	52.9750367012002	-1.2717034821269	0.992055199985472	-1.89166433991739
K17249	0.677497261129219	4.15897183397599	-1.23212079480791	0.992053513589676	-2.61793989526912
K02170	6.07055987301662	18.6237151650988	-1.23110804303025	0.992044728931056	-1.61723941466019
K02954	586.790577380609	759.531694294169	-1.23852129116009	0.992035694724967	-0.372264463260571
K03642	639.099284602696	1013.17531965595	-1.23018260028185	0.992035525452484	-0.66477186183983
K00282	12.1404004095888	36.9340545857064	-1.27013544570167	0.992028454541144	-1.6051356441991
K00556	4.17934200185855	13.5986272666991	-1.22942334603003	0.992024196866663	-1.70211329735223
K15652	0.968012223803719	4.57131861613864	-1.22936080296498	0.992023264643172	-2.23951320608468
K19108	74.2647043554375	127.572778210277	-1.2397343342753	0.992022310052143	-0.780571904326505
K18959	4.69156510246932	20.3580511276233	-1.23974773376213	0.992022161971381	-2.1174582690085
K00655	30.5707735967401	64.1069470620342	-1.24001079082122	0.992019253842664	-1.06832764525917
K02472	12.7638460317796	38.9960210673948	-1.26947825511925	0.992017154671872	-1.61126381623594
K01241	33.3210624452659	71.6201877559495	-1.24094374974813	0.992007083087235	-1.10393189885518
K23242	63.3434768094935	114.764414865265	-1.24109782077822	0.992005027436464	-0.857407411646566
K07719	6.22934730359043	17.9883079957267	-1.22821754149481	0.992004917586095	-1.52990657707319
K01547	152.176073715464	252.483034865421	-1.24111360103912	0.992004816846807	-0.730444906734196
K02421	0.973873298625499	3.36620397882167	-1.24121984440672	0.99200339879338	-1.78931660667982
K00648	1076.90050187656	1392.88530896299	-1.26864940793638	0.992002789726628	-0.371191509386087
K00693	95.8140464539156	188.820998945735	-1.24201675578452	0.991992749919789	-0.978710139579694
K11536	4.68753490760747	17.2753406686747	-1.24267705326227	0.991983173861936	-1.88181282149776
K11991	21.3559309121079	46.6757691387265	-1.22658384077175	0.991970060624957	-1.12803700894649
K03733	712.89538198583	932.827304199594	-1.24359853198306	0.991969679508154	-0.387919641916083
K07696	6.88723823028037	22.5041659663626	-1.26614662760634	0.991960439556105	-1.70819461158543
K00208	90.0600870490898	157.892666518833	-1.22616236950155	0.991958922168931	-0.809984388100979
K01035	4.51388326237783	17.9346970744775	-1.26578043962273	0.991954388507276	-1.99031236441703
K06284	11.3701947783653	32.758980829811	-1.22526054868074	0.991933436253729	-1.52663350506082
K07704	48.8653146791824	101.749851821141	-1.24619363415544	0.991931981251429	-1.05814400613943
K12795	3.15708667308268	11.2779269343727	-1.24797563407621	0.991907949659208	-1.83683612805534
K07683	4.44062649319108	18.8703507458686	-1.26164325423455	0.991895652221707	-2.08728610417939
K08693	39.5853836888099	82.1706069561053	-1.25149025143094	0.991872463008147	-1.05365458827459
K25634	19.7776538855549	55.2523236733646	-1.25893548010256	0.991870958159874	-1.48216384202454
K01815	343.679915443787	507.793089007124	-1.25802022762518	0.991864877824381	-0.563175216754385
K19973	1.30351846506473	7.43782929157669	-1.25378974226586	0.991859869266458	-2.51247061689563
K07274	3.85738766952572	15.7221011394229	-1.25551212009204	0.99185780876161	-2.02709798572789
K18951	0.969853424532097	4.87568830674987	-1.2221058411401	0.991827290076251	-2.32976726809954
K23424	11.9539246637201	32.1134271906303	-1.22181734549897	0.991815683478635	-1.42569228402575
K01959	10.2292987909622	28.4778128065086	-1.22131691166678	0.991795570135742	-1.47713109358969
K18014	10.9791000847389	31.4643399429575	-1.22079405172181	0.991774582283231	-1.51895787151756
K07788	20.5714591363496	49.2268762211686	-1.21983977804393	0.991732108200489	-1.25880206565757
K14379	8.88010458550034	28.164132671819	-1.21853155388471	0.991672107983394	-1.66521047062513
K19701	8.90828193396896	22.5878307788913	-1.2176848995849	0.991629877187745	-1.34232660511444
K12252	4.51439788439391	19.2765599017264	-1.21759594266962	0.991625445243304	-2.09424212721775
K15632	0.739573522276029	7.25761161665468	-1.21746310060441	0.991618828721834	-3.29472937423449
K01813	276.709316919556	452.256237931483	-1.2173608142964	0.99161373560194	-0.7087691810357
K00179	65.4273217997026	119.224001519739	-1.21672220887498	0.991581967097224	-0.865709578683365
K00748	14.0329728064522	38.8787588021752	-1.21583474345508	0.991533886713501	-1.4701614937083
K21304	12.5633652101687	34.7660707571877	-1.2153973533756	0.991510218826718	-1.46845706883935
K08234	14.7526449551475	41.9566223211333	-1.21276842699115	0.991361837057515	-1.50792490586302
K01633	8.48487445803672	25.2380008761328	-1.20894705056383	0.991129973110425	-1.5726324187615
K00015	45.665370358501	92.8588041369315	-1.20893074026253	0.991128970331951	-1.02393816759015
K16345	52.4677808486319	116.31332043504	-1.20727755707458	0.991025170191472	-1.14851264973967
K03338	32.3960594760035	97.9967542822455	-1.20721661532846	0.991021351201954	-1.59691562673336
K21900	23.3910287587157	50.7119026105619	-1.20702626606334	0.991009426518749	-1.11636908836678
K00337	49.3016821618014	102.0063806533	-1.20439328205371	0.990842383712069	-1.04895062080371
K00601	4.77028490296673	14.217415066435	-1.20343219572199	0.990781463463666	-1.57551184760227
K10693	0.57387961634966	2.13844652667533	-1.20278132525823	0.99074036795819	-1.89774309479275
K00175	28.8909191833398	64.3209999072281	-1.19975098126996	0.990551689898932	-1.15467372931031
K08217	543.907344545616	764.035060996392	-1.19558299674546	0.990305363837812	-0.490277936891524
K03584	167.582273733603	278.211448882723	-1.19557234647497	0.990304753924311	-0.731312236624636
K02560	2.38001663560937	12.5205763553341	-1.19526083897473	0.990286922134738	-2.39525741218694
K18660	0.897587511696049	3.11875267420319	-1.19368788449847	0.990201342435801	-1.79684463879117
K11752	102.82485827854	182.028779147986	-1.19222635275848	0.990125397923529	-0.823977478295544
K25996	1.46526688365635	7.15612980144406	-1.18655851584796	0.98987134054589	-2.28801609494501
K09681	8.3102947448894	23.8461865930782	-1.18368615015239	0.989768849477113	-1.52078702172002
K24217	5.36225264555926	17.7251338956085	-1.18199929269594	0.989717421041811	-1.72488542619457
K23349	1.15591616334242	4.33466522859989	-1.18150755607615	0.989702976379361	-1.90688381129415
K01133	2.42025165866585	10.7233649514922	-1.17934309199179	0.98964696148017	-2.14752871672672
K05853	1.14178501352164	3.82971678970965	-1.17660974226282	0.989585405190095	-1.7459466762642
K15584	10.0188863632487	32.8355906112232	-1.17408326884758	0.989533949840921	-1.71253824863077
K25034	11.1685203337313	26.8385837281983	-1.17403501812846	0.989532989459856	-1.2648704801413
K16089	73.2819753309648	134.013017395343	-1.17218600555781	0.989496380045351	-0.870842846894624
K01893	756.406633381516	926.636581363036	-1.17148490084832	0.989482171541262	-0.29284162239624
K12340	19.0773388045812	50.5280591848593	-1.17040408806439	0.989459783986009	-1.40522482969927
K01302	7.61883744614813	23.9094366166328	-1.16923284507124	0.989434204984485	-1.64993735625516
K03098	1.64875898902142	6.2250769832337	-1.1690295926713	0.989429591822283	-1.9167111535085
K23948	13.5921241073152	32.8820615756732	-1.16868083395162	0.989421682238834	-1.27452982245684
K08305	3.61870552798033	15.7713568413602	-1.16828187307919	0.989412643539642	-2.12376116505905
K22078	0.770954801212593	2.57972546915855	-1.16374374759182	0.989288342966659	-1.74249935738018
K07603	1.75214171205803	11.5916392694761	-1.16353591155176	0.989281431448947	-2.72589323520953
K21672	30.7962258388837	69.491669979674	-1.16202165881765	0.989230856068882	-1.1740864956701
K00972	2.22023169534745	9.49770300117514	-1.16134094882744	0.989205258422774	-2.09686840410242
K00797	84.9989264144561	143.69748638754	-1.15957579986398	0.989136493483518	-0.757518301425547
K01284	704.82238622331	973.937381894678	-1.15746975705091	0.989045589283924	-0.466569271828133
K06381	9.50824546729208	24.9475116842629	-1.15604346020276	0.988980019195647	-1.39164487153303
K07315	4.65567990375549	13.9926290323096	-1.15540543861154	0.988948783483149	-1.58760327570422
K13923	14.7912571054846	40.7756691593338	-1.15362818443694	0.98886051737175	-1.4629638808777
K20140	3.62914967335474	11.3606128538974	-1.15330968118904	0.988844280960036	-1.64633720107031
K05515	218.770173021048	314.644686096854	-1.15298303257945	0.988827644791663	-0.524307522577849
K12527	283.880052123939	408.577342163347	-1.15266285078603	0.98881135316065	-0.525327724649643
K15022	55.6265963399887	104.526609961401	-1.14994470474056	0.988670450594987	-0.910023526225973
K00970	16.4865821459493	37.8542748692123	-1.14850185799724	0.988595841222995	-1.19916388957438
K20627	10.9891213314189	32.6059488999691	-1.14451457013038	0.98840135314348	-1.5690591698959
K01935	14.3998529756098	35.4241083358829	-1.14370134423538	0.988366107556132	-1.29867745772825
K17810	37.0799230991282	72.2324538412821	-1.14369003434201	0.98836561796989	-0.962008929726345
K11065	475.952016565937	706.940709486792	-1.14190037554469	0.98829140753423	-0.570773087949168
K00992	67.2749925188273	142.362510669249	-1.14174006083321	0.988285215952771	-1.08142705064322
K01775	448.790150374096	590.924257038318	-1.14149706266859	0.988275836548341	-0.396932208401998
K21472	1.71698172554835	5.17008343630625	-1.14018238157922	0.988227921191345	-1.59031287905759
K01939	697.252860986492	884.643857726914	-1.13911776227294	0.988193379491958	-0.343414819104562
K05836	2.28584971835556	9.26546326883636	-1.13836467850069	0.98817081592213	-2.01913255447424
K02007	80.6820760736033	147.123499990809	-1.1366625582601	0.988125859508569	-0.866707593930207
K09457	50.8138428688078	102.364959231895	-1.13618969029521	0.988116147895648	-1.01042846859059
K15531	5.0734269560575	15.8918030484542	-1.13559627407985	0.988103979551132	-1.6472503377205
K03775	8.96335563167553	24.5533967262714	-1.13522477098045	0.988096372433869	-1.45381177780972
K03660	8.81398103487298	21.3604205854759	-1.13481628902694	0.988088017668684	-1.27707435641842
K01751	252.923953584886	382.737616169758	-1.13338129490231	0.988067148840846	-0.597652022433526
K07659	3.55175818917339	14.8498022228318	-1.13311710412615	0.988063348849315	-2.06383844804268
K04061	0.71624272362955	2.24204792097238	-1.13221493212926	0.988053533917448	-1.64629663168082
K06068	1.07125375528576	3.9112106890542	-1.11750731968263	0.98805329898623	-1.86831499152284
K02406	325.662551450394	481.721158829272	-1.11704654553302	0.988053195065908	-0.564820462328324
K04072	1065.85406678545	1565.645125351	-1.11897387796883	0.988052240154519	-0.554747320750897
K02854	9.88886463001879	25.4858845115958	-1.11906660401725	0.988052173055399	-1.36582162870722
K22606	1.48814282006655	5.43057513669357	-1.11976082650634	0.988050626346585	-1.86759200638801
K05964	0.639985649432131	2.03613888688308	-1.12022254667666	0.988049459025866	-1.66972451165464
K11641	1.28143528777904	4.47566710045291	-1.12082971329041	0.988047921588795	-1.80434210816866
K01227	18.3929553078846	51.2050421519137	-1.1143591967679	0.988045659411603	-1.47713257420614
K18221	5.03416038598181	30.2624413083293	-1.12275246511779	0.988041696989846	-2.58770529030208
K21929	11.3076761444861	26.1165054731555	-1.12295769673116	0.988041003909033	-1.20765939993631
K18331	113.39104199513	175.677612411203	-1.12461221078867	0.988035752404107	-0.631623681853744
K01993	1053.91630246685	1417.23477144246	-1.12682695182566	0.988031365860668	-0.427318468262234
K24118	110.552007258722	190.100612800327	-1.12705813396002	0.988031159687129	-0.782037962643779
K02574	1.28936627249295	4.08455194149716	-1.11160716963585	0.988026293741225	-1.66351567857359
K02477	20.1136758629783	44.3965891039981	-1.10753683032876	0.987972481842468	-1.14227207700499
K09011	23.7331212410684	55.5710803829874	-1.10729976810304	0.987968324303385	-1.227432440851
K01051	121.592158476502	215.607776842344	-1.10709888193821	0.987964647302636	-0.826359024326062
K03149	96.3963333224748	157.434641894285	-1.10708596265043	0.987964410901908	-0.707702850101311
K02417	2.54448329555712	7.52259740091362	-1.10640416668109	0.987951947651836	-1.56385816126895
K05936	22.6621403313845	45.6050999888161	-1.10538196119414	0.987932876489867	-1.00891104578537
K03827	4.65587003277473	12.9957173226158	-1.10502478046827	0.987925306592207	-1.48091357670627
K09021	13.1323397330292	33.7360140731299	-1.10469078568272	0.987918235088186	-1.36116555059539
K00566	700.424776721864	857.056164615861	-1.10288471825425	0.987878596784813	-0.291159631792209
K26041	0.970410536431332	3.40165810658372	-1.10188328925441	0.987855349167452	-1.80957102606652
K25144	19.2102959452111	43.5490871014496	-1.10097240686724	0.987833180105906	-1.18076273193146
K00532	80.9963110375122	132.28450603297	-1.10027402638397	0.987815892821383	-0.707715986962892
K00172	78.5645947966311	155.940866948783	-1.09797239386	0.987757313298851	-0.989047848021865
K16150	1.70770025593113	5.89017797655387	-1.09740269156487	0.987742596194674	-1.78625645877868
K11066	4.32259017912073	15.8261681177731	-1.09672996735434	0.987725142483032	-1.87234402062495
K03781	15.7118810092575	40.6588892619717	-1.09626991871456	0.987713225648913	-1.37171489467324
K25180	2.37573404268971	8.25895019804999	-1.09620553934689	0.987711559234897	-1.7975850719637
K22982	24.678427683195	56.7912988022381	-1.09609731038011	0.987708758486315	-1.20241942605347
K06196	12.0111899268212	30.4378331301086	-1.0949648404028	0.987679684169872	-1.34148657370386
K03585	42.5138186113002	81.6687763340983	-1.09491261795914	0.987678349029761	-0.941852763218513
K07559	3.96356197874145	18.4953412548748	-1.09405930788203	0.987656560661512	-2.22229247836926
K03457	4.41350391650949	23.1309260478679	-1.09374390478253	0.987648584198978	-2.38982664243039
K03924	857.261476088973	1084.91561066084	-1.09223910054444	0.987611558259811	-0.339775610449923
K07568	760.320392215404	971.321245509607	-1.0909978966407	0.98758219304086	-0.353341032266783
K24936	1.93994797122328	7.81738765101711	-1.09094998714489	0.987581078839118	-2.01066862003266
K01474	0.857508698057415	2.84112522080427	-1.09063904560646	0.987573851072391	-1.72823920849243
K05910	0.662785606877525	5.73216424567671	-1.08937035434876	0.987545461941616	-3.1124657699365
K01584	47.717432924751	123.558180529867	-1.08814537189386	0.987519453072557	-1.37260219471543
K09131	0.599191632579411	2.39210906800789	-1.0881337698141	0.987519207158319	-1.99719378807907
K08641	0.916267823201671	3.07897569491655	-1.0878920430443	0.987514235914435	-1.7486092170844
K16922	1.17356651656145	4.2075714514817	-1.08651870591785	0.987487876861235	-1.84208815642513
K18942	7.79325021861607	22.9624421975297	-1.0861538642779	0.987480891062447	-1.5589790467579
K03405	26.1635514265025	63.5286002937668	-1.08597343022527	0.987477541678043	-1.27984784824718
K21499	3.37852176659559	12.1274640977665	-1.08583831441446	0.987475266349279	-1.84381385354863
K07127	1.43901798788861	6.57045321631306	-1.08576371595406	0.987474010484994	-2.19090826206554
K17999	70.7915548320642	123.985815781698	-1.0855001182645	0.987469574881742	-0.808525915376465
K11625	0.517761979512543	2.34835676063609	-1.08530432707303	0.987466282347922	-2.18129066454091
K00721	305.060147657275	451.079479281218	-1.08391221576221	0.987443307963682	-0.564287933864861
K21574	455.171969259996	628.023047221026	-1.08373012385803	0.987440709925555	-0.464405788925728
K01952	989.785637748113	1244.88081056222	-1.08364537480061	0.987439501189964	-0.330819606719804
K04754	2.71595455157901	10.6463943023887	-1.08199849225152	0.987416335895947	-1.9708336613308
K13599	1.66093915473321	5.39288622171883	-1.08058118015445	0.987399451454865	-1.69905837246324
K10824	0.614977939660986	1.78548891000765	-1.07840758232071	0.987377938422152	-1.53771260862651
K11145	9.85022877015882	24.6217456497283	-1.07810405690863	0.987375302156157	-1.32170391419224
K00215	417.604301025826	542.758044888667	-1.07665173426823	0.987364508994513	-0.378172634255393
K20118	87.7539585746307	146.684811468954	-1.07576149433244	0.987358729390605	-0.741183382507803
K17899	3.55273109179377	17.8959521403914	-1.07545427527153	0.987356954360617	-2.33263290375959
K22222	0.681986658897143	7.68336015773149	-1.07038120921338	0.987333452778299	-3.49392195914485
K09748	131.044786360284	203.154385462766	-1.07036200015988	0.987333370775849	-0.632516551209301
K03411	2.15479014761877	7.06990034260561	-1.06992737984009	0.987331516516608	-1.71414250508529
K02040	198.503199987721	286.486689053957	-1.06916015439765	0.987328248426145	-0.529305844383852
K19635	0.522126806070123	1.71970652240525	-1.06834731941964	0.987324668887938	-1.71969024802229
K23509	209.13650387364	305.265353804727	-1.06800814564746	0.987322861237729	-0.545618959574723
K05592	753.196006528738	951.919738586584	-1.06580620816059	0.987309894392366	-0.337814586619562
K13772	3.04224201235817	8.25796000945839	-1.06579333378642	0.987309803021187	-1.44065050707149
K07139	152.250591665216	214.455368938914	-1.0657002882698	0.987309142756032	-0.494229599984489
K24819	0.605576287414434	2.08258712760418	-1.06391419463691	0.987294485196876	-1.7819962339325
K10899	1.1674864015933	3.34663276555743	-1.06297084374669	0.987284896778246	-1.51930450304133
K07812	12.4538478428535	33.2776058362299	-1.06172340528889	0.987269059975473	-1.41796008419266
K04477	89.3483799077435	138.019449979753	-1.06013728624934	0.987244929002383	-0.627358113602955
K00788	44.0159809890511	81.8929309180333	-1.05786294092425	0.987198692619365	-0.895711500669962
K18197	368.974440676892	564.717339188558	-1.05748999425827	0.987189818668551	-0.614008046333388
K06374	62.8663664188702	109.28314254559	-1.05681786829605	0.987173847440853	-0.797710590427713
K00150	2.44382237000392	8.97743741008173	-1.05633479248519	0.987159948083243	-1.87716426335423
K04751	3.21946658663421	11.4854318311128	-1.05633334312383	0.987159905362202	-1.83491151831884
K02217	94.0122896776643	153.687121215748	-1.05631527532164	0.987159372813135	-0.709075004764755
K03387	94.288098793786	179.201929340087	-1.0536400069574	0.987072558503228	-0.926438581901701
K02904	26.0709381237838	53.7568355120952	-1.05283520265479	0.98704321654357	-1.0440057168749
K07263	134.826197383498	222.281227936555	-1.04987431655024	0.986908817468851	-0.721285268832931
K06193	2.58738509494278	11.0693994230544	-1.04947693275824	0.986889034704512	-2.0970102504937
K03321	188.351143407719	282.332153450635	-1.04813875073122	0.986816278540618	-0.583968648379929
K01753	5.66269827613415	13.6621662934328	-1.04732938788227	0.98676996164066	-1.27062469134418
K07493	528.338208506603	694.554837362254	-1.04728131746646	0.986767213712626	-0.394626857290522
K00824	9.97197690682114	26.7524037157064	-1.04615542413475	0.986697257448173	-1.42371707720481
K01273	36.4647492897098	72.978629045001	-1.04175808145946	0.986387101203443	-1.00097157413893
K03480	0.791225309378027	2.97543529752784	-1.04146930101819	0.986365076806707	-1.91094026568639
K27323	6.08692377946385	24.4118512529586	-1.04123364687667	0.986347115928251	-2.003796499281
K02884	230.827798208061	322.6386623481	-1.04111449344119	0.986337836003307	-0.483102353679248
K08300	139.925967693538	224.291133933921	-1.0402208636099	0.98626497516229	-0.680708867769505
K07688	1.18605990826559	4.09629169370499	-1.04002953008794	0.986249396090618	-1.78814156946073
K15872	0.818313039356032	2.7713657019419	-1.03951928716371	0.986207886457574	-1.75987235177331
K07405	127.6636909272	204.071131855237	-1.03771000063131	0.986052936545125	-0.676723847706972
K03561	94.6485309420203	157.546551856806	-1.03719213747287	0.986007983462663	-0.735126160281304
K14440	4.1198806445951	15.1135544701543	-1.03281268927009	0.985604944371944	-1.87516855218754
K03787	142.862030908842	209.5656697984	-1.03189916724106	0.985518072023424	-0.552779863995593
K15530	4.61423005415072	14.4283154894793	-1.03111015411316	0.985442789742747	-1.6447410343964
K18855	1.41517234649286	4.04097325370949	-1.03087031755	0.985419719585614	-1.51372504058426
K00281	85.7350665536356	152.690376696954	-1.03064913699833	0.985398456024551	-0.832651831454289
K05995	1.60642294905361	5.24706357680911	-1.03035147455274	0.985369857987027	-1.70765848609465
K12146	2.93822727079797	11.4892004234857	-1.02774644755148	0.985119558626874	-1.96726050166976
K02588	3.59836882996874	12.9808242578075	-1.0268536018996	0.985034322667181	-1.85096702026855
K15894	5.2292417443714	17.0226145273839	-1.02668793966244	0.985018553374694	-1.70277896793715
K01531	49.0126541687974	87.3374456816499	-1.02519070233061	0.98487683730677	-0.833446063161444
K18119	25.9364996120502	74.9162042013856	-1.02305443753352	0.984679354492914	-1.53029401731367
K12113	2.5354518848285	8.22119229076782	-1.0228189005132	0.984658119622666	-1.69710474140006
K02517	5.01925725506091	15.0631492009346	-1.02274201217563	0.984651190390262	-1.58547762441097
K00952	1.09911718447287	4.57749336296245	-1.02204985069293	0.984588870849444	-2.05821258405156
K20801	5.38045374161185	13.3612698226863	-1.02137362863153	0.984528990460837	-1.31225737693742
K01728	2.03160668797151	9.93910938102717	-1.02054376952561	0.984457297912525	-2.29049545287811
K00014	12.6927992704943	28.2034384857109	-1.0205013117828	0.984453633839253	-1.15186078646639
K07735	10.2920681636366	24.786434601126	-1.02027229524629	0.984433876417182	-1.26801784513612
K15460	2.98937847680929	8.08863991464246	-1.01900481359133	0.984327878761604	-1.43605157319988
K15024	71.1747515554294	114.30567533182	-1.01810558419736	0.984254751473951	-0.683459578656684
K04940	5.67894966592313	14.8241714502206	-1.0138310520205	0.983941580289699	-1.38425544225379
K10901	18.7988198144654	46.1484585555361	-1.01358309315383	0.983926227621737	-1.29564036728775
K01468	78.7299056044635	156.566053254257	-1.01305953361165	0.983893841276636	-0.991787786953118
K18138	6174.46140485654	7683.03076457784	-1.01242043443556	0.983854363828657	-0.315362233915074
K02585	1.59331870412391	4.8233706441723	-1.01058331586147	0.983750289608717	-1.59800680464146
K00060	85.6888688001503	132.883678364829	-1.01009525650564	0.983723694120468	-0.632984202431555
K23235	1.27397776044053	4.33471400531034	-1.0090306608698	0.983672770092462	-1.76659671781729
K00188	4.63895241615928	12.8220961062603	-1.0081864069487	0.983633424298402	-1.46676117439622
K04487	682.896409180388	856.199289127056	-1.00808007327644	0.983628474432668	-0.326279889794771
K11176	3.56926769300175	9.33156367428234	-1.00735921964589	0.983600044219981	-1.38649074455888
K17318	21.5088462064863	47.5200225623976	-1.007264710794	0.983596416842808	-1.14360538441013
K20712	0.563806002449461	1.67353246651189	-1.00673613345914	0.983576144734368	-1.56962579709316
K10974	20.4573644491585	43.1200165864717	-1.00671999432115	0.983575526173588	-1.07573744039793
K06994	281.966475627384	450.524252211435	-1.00590069641239	0.983545163868241	-0.676081126220833
K18367	28.4236105053308	66.6016493580542	-1.00503644241045	0.983518450311185	-1.22846808102709
K16870	24.6207536629973	48.6907517982375	-1.00381745734264	0.983482992437139	-0.983772851709831
K13252	1.90740278073934	6.47868683389893	-1.00019020367588	0.983412994899439	-1.76409189707732
K21416	9.67771153540903	26.220222258187	-0.997701538697679	0.983389935920258	-1.43794207235046
K16203	2.56887195316922	6.70138510578395	-0.997089659458871	0.983386714639669	-1.38332433616905
K09760	191.514764967732	282.702175362532	-0.995929589668836	0.983381750115629	-0.561827362549814
K02426	16.9899932484026	36.3227489774773	-0.994406376332403	0.983378607300485	-1.0961881135602
K17716	49.7706285866172	90.0222995848348	-0.993982061898667	0.983378402407119	-0.854987810388814
K24727	0.784598153264381	2.15674609984125	-0.993652833001943	0.983378350101289	-1.45883050226701
K11637	2.25663930251528	6.21474832865777	-0.992793897062841	0.983378213837758	-1.4615201303655
K06373	47.7270244562361	85.1349362294731	-0.992044472322585	0.983378099015446	-0.834944887812422
K05539	6.29480863730783	22.7624780954593	-0.990402112545042	0.983377810672489	-1.85442320320664
K01487	163.553976319522	233.863723256421	-0.989320729842043	0.983375965996551	-0.515901254800185
K27612	0.897684912532421	3.52913528218011	-0.989223544931131	0.983375800454235	-1.97503368107214
K01119	16.3819260056903	41.7243793148767	-0.987187962730471	0.983367311784185	-1.34878560537074
K13632	2.52402666168751	6.64098426022084	-0.986414900607779	0.983362415081211	-1.39566992942499
K01733	348.706130156019	489.994572401225	-0.985270941554062	0.983350259044127	-0.490754042280782
K02120	87.1656010385516	135.603490731916	-0.984350611216897	0.983338927608244	-0.637563508655825
K02454	4.20531776693791	10.5443385994087	-0.98034704197314	0.983247046888458	-1.32618187971907
K17103	14.4171803048226	33.1275482964918	-0.979859928128113	0.983230229543956	-1.20024240483168
K05658	7.66406723952789	18.4190791377089	-0.977832341615172	0.983150957705213	-1.26501881215228
K00876	284.794131491341	391.487401567244	-0.97744463597163	0.983133554237239	-0.459046462750165
K13889	99.0116531266862	155.296666182322	-0.975117735530116	0.983012762779492	-0.649356621562737
K08122	8.00406365015064	20.8698869686049	-0.9746149917346	0.982983197120664	-1.38261824183264
K26141	18.144957565482	36.2829141522702	-0.973337290327763	0.98290086374922	-0.999721651274343
K26043	4.39384371706211	14.2356296441543	-0.973307672996889	0.98289895836972	-1.69595084400044
K21816	26.6799719156863	49.9035812182054	-0.972573572719264	0.982848620599014	-0.90338620315085
K17879	1.26236644452812	3.77483550668526	-0.972454147289775	0.982839707619893	-1.58028301639993
K20742	4.418196676813	11.9911843373423	-0.971919624131003	0.982799847726159	-1.44044460987405
K14195	14.7413268428434	32.0635927189474	-0.970761967956818	0.982712315427846	-1.12106970332083
K03608	4.62574568489211	11.1546855243982	-0.970656621252525	0.982703593762182	-1.26989198483628
K08479	2.2916836725095	7.49054359267085	-0.970393393815902	0.982681811243049	-1.70866250100155
K00951	8.30896202399204	19.8571969026915	-0.970203827174552	0.98266613321888	-1.25692181403733
K08321	11.3364944633509	28.0189933664942	-0.969716580895403	0.982625870034782	-1.30543053454242
K00533	37.6512331977107	75.5801018204376	-0.968975381424697	0.98256471618201	-1.00530934365244
K05364	80.2598152074517	122.125043736304	-0.967358236523709	0.982418365428747	-0.605609339331072
K03446	2.66062796306134	11.4519113600897	-0.965476742581345	0.982238494204176	-2.1057497119603
K22926	693.916747758224	983.763834563105	-0.962850382868601	0.981973265270906	-0.503549432503771
K02907	47.8746628061159	86.7669851252584	-0.961492145371275	0.981830488866949	-0.857883875212266
K15550	1.05121902576262	4.93209369634588	-0.961464200980301	0.981827556553541	-2.23013691527426
K01034	6.58975871461436	24.4744990933271	-0.961380400836138	0.981818764326557	-1.89298178651803
K05967	1.10844293370576	3.49523871885048	-0.961116615645413	0.981790967065918	-1.65685649515629
K20038	42.6146831957295	88.5784153766668	-0.958329788671642	0.981491767493703	-1.05560458129868
K03574	46.9582005706081	80.3237157828523	-0.957388550764113	0.981390234696508	-0.774448884339163
K22293	16.1802780280739	31.9594303856456	-0.956049450265448	0.981245579468985	-0.982005297257031
K06606	0.663764844338425	1.79878820401615	-0.955652865487162	0.981202815942893	-1.43828120272492
K05367	43.4898900490617	84.9974570874794	-0.954739264436042	0.981104552562481	-0.966739618656767
K03610	8.14512106337559	19.1697437425175	-0.953791873447623	0.981002948402949	-1.23482300423091
K12529	1.4727111274667	4.02085069148666	-0.952910898468432	0.980908946968753	-1.44902629147443
K07813	1.92147541409945	8.62087087220107	-0.952798968365042	0.980897049442722	-2.16561909959287
K12452	13.5329362430246	32.0231895597234	-0.952440440997381	0.980858963135388	-1.24264211467378
K03546	131.471551927131	212.971580953126	-0.951024757242129	0.980709148620634	-0.695910269163576
K01918	50.3113775878218	86.4631110960917	-0.950654065352939	0.980670167210681	-0.781200054953119
K10440	309.191324606038	416.198354566566	-0.950102074527206	0.980612189768908	-0.42877142120415
K05814	5.70611000901335	14.2971342147474	-0.949341985624936	0.980532542486517	-1.32514652910935
K13746	7.15058896583634	16.8613640436936	-0.949011691711091	0.980498096127752	-1.23758727054783
K22604	6.76347230325925	17.2272222505362	-0.948741869598846	0.980469978244216	-1.34885408955796
K00794	22.198269736287	43.800259181582	-0.947729637264461	0.9803646694679	-0.980492177966749
K02471	18.317803144394	37.4559057269186	-0.947048440204964	0.980293919053272	-1.03194671715904
K11136	1.52218006889788	3.84723218875006	-0.946338036829943	0.98022025104812	-1.33768186699829
K03685	158.040590321105	226.475206562477	-0.946145942126354	0.98020035436307	-0.519057979202163
K03569	577.832088547135	758.919488017077	-0.945767090908555	0.980161142947534	-0.393296518830147
K01479	4.22068845695497	9.51208128551329	-0.944904304872948	0.980071573743219	-1.1722827005812
K01992	6.26954662816043	14.5169943196586	-0.944776111417779	0.980058263921569	-1.21130975471895
K03382	4.38471456800122	11.2807173514891	-0.943808256695722	0.979957918575971	-1.36330397735334
K06238	30.9040109633183	88.8695150096092	-0.94152299358013	0.979718665661472	-1.52389452044324
K02379	3.70981143875129	13.0412237175443	-0.940450800683725	0.979604581897747	-1.81366148565536
K21399	6.11198624133079	19.5981035510767	-0.939820224412996	0.979537636423028	-1.6810008550352
K00907	2.33668317687115	6.31088228393258	-0.939642782732635	0.979518629713989	-1.43337957609793
K03271	8.82613474947648	23.7290155442361	-0.939012792250301	0.979450212583379	-1.42679856970717
K01585	774.50945335787	946.056701976061	-0.938322325647844	0.979375357465781	-0.288643806095666
K00889	1.75481419729287	4.76717650407176	-0.938026703137008	0.979343349722939	-1.44181675837177
K18907	0.810436221448108	2.16877441582501	-0.937491291414901	0.979284439951639	-1.42010943931573
K22083	6.23026646803547	15.225124108024	-0.937093470364827	0.97923999906827	-1.28908821470687
K06917	1.06462985650825	3.11412758046922	-0.936922228867938	0.979220883866946	-1.54847611944889
K06183	23.4570052003626	43.1945561419596	-0.936457137348419	0.979169010433019	-0.880830665827272
K12506	11.9604260641485	25.078599501028	-0.935447675161737	0.979055359447298	-1.06818800064935
K03210	42.1350547607977	83.9999942507104	-0.93522038842384	0.979029302013149	-0.995368228963285
K22214	366.228475304676	481.13495355014	-0.933743985222599	0.978859977459971	-0.393697643175201
K19665	4.22612194358619	10.8287282990342	-0.932799978505374	0.978748798571565	-1.35745752454923
K00331	32.1083465204524	63.5110839649855	-0.931818397509218	0.978633156101444	-0.984060020548663
K00891	41.8841015607119	70.5742539562623	-0.931176032350241	0.978555547286407	-0.752739245791391
K01358	378.821066165746	527.439124151291	-0.931009470520286	0.978535445291661	-0.477488029753191
K13714	3.25337017259322	7.85806977198036	-0.93088753823702	0.978520735162663	-1.27223999418173
K07287	2.38628071095397	8.16880408684946	-0.928313219406605	0.978206790100379	-1.77536111829066
K02478	10.2252002750135	23.3829825422284	-0.928298678134653	0.978205008576094	-1.1933298593328
K04107	3.00193952873541	7.1560595201466	-0.928187383933865	0.978191375638712	-1.25327047147061
K11754	96.8776416607982	145.689033418164	-0.926838123172715	0.978023950616618	-0.588656633855766
K05770	5.65574542316388	14.2311279445046	-0.925044649552661	0.977801124242719	-1.33126092489091
K21344	0.87921068555237	2.83906168403501	-0.92488221283718	0.977780945673022	-1.69113336929911
K01948	26.8230343333245	51.4395087589316	-0.922738449921151	0.977516261914176	-0.939404415024954
K03625	67.0470827123075	107.59345507787	-0.921054608973438	0.977312414297456	-0.682343855800539
K06960	13.6085251430954	29.835756901211	-0.920860036685069	0.977289078770066	-1.13253165724443
K26139	14.4751309231158	31.4917359989629	-0.920773056584904	0.977278650963181	-1.12139689200181
K15856	1.93978180197055	5.81656062881531	-0.920717850795547	0.977272033750148	-1.58427195128365
K04760	1.33960157516008	4.62192990932954	-0.919594647090314	0.977139887271102	-1.78669140424102
K03523	17.9044534207884	36.3237773906287	-0.918728878652237	0.977039763999418	-1.02059576212899
K15376	10.0399917102842	23.398583573074	-0.918100522191358	0.976968113203846	-1.22066312119818
K01159	44.7682763492203	76.2286308125733	-0.917960715267686	0.976952779427147	-0.767856190021179
K02895	110.206360602116	161.417429749655	-0.916857642173555	0.976831998153141	-0.550588876297909
K09650	5.58664614001848	13.3987752719617	-0.916747650118776	0.976819974152144	-1.26204678824537
K14056	22.0413306630597	43.7790113431327	-0.916491537375296	0.976791990428142	-0.99002805078857
K16200	73.785446958639	129.531391877386	-0.916150761605397	0.976755879068431	-0.811893576700411
K07671	1.34387517290977	4.30546091279434	-0.915257117358125	0.976664809756989	-1.67976855254334
K02843	6.39481707163982	15.1038854761092	-0.914824960966253	0.97662084818845	-1.23994473526852
K00677	465.749016284418	604.992232739294	-0.913475851369503	0.976490739785326	-0.377363898271881
K10947	29.6780414124027	58.2886690125901	-0.912669074263234	0.97641533871617	-0.973819573771553
K00003	82.3420091889345	121.346142300645	-0.910501938562557	0.976232666766298	-0.559427687958879
K02122	18.8556063492981	34.8237745154378	-0.908961357224219	0.97611920833633	-0.885079039090731
K19540	18.5422724409646	38.3762887594677	-0.908837720430936	0.976110160185384	-1.04939713641549
K21021	2.04754463855615	6.19400087955916	-0.90829292299945	0.976072419231549	-1.59697668344913
K07259	28.8284256068003	56.8244549410543	-0.907589795300897	0.976028130371827	-0.979019891048873
K16329	12.5567921279961	25.7410275436336	-0.905068646045816	0.975884955690651	-1.03560169761409
K02182	2.05942926651659	5.36510578112068	-0.904710252840323	0.975866168949603	-1.3813620401374
K07708	8.05646203369396	16.9434292624836	-0.904031453008968	0.975835547085469	-1.07250756963862
K09925	7.59983827226832	18.3831243620384	-0.902988753990707	0.975790073119173	-1.27434136242159
K08220	1.06666245413099	3.47712627062546	-0.898313525914653	0.975642627735612	-1.70479175216945
K01878	89.9053501924204	132.729744010558	-0.897829782542764	0.975631568889656	-0.562012830030069
K11529	10.5308294148292	23.9431756607844	-0.896952848966312	0.975611558370174	-1.1849954458605
K19820	0.928698159482767	2.21347453465174	-0.896454697695097	0.975601473047074	-1.25303109490158
K10831	1.83277355271579	6.31737731483542	-0.895808530931628	0.975589151984367	-1.78529719638568
K03118	54.0076915049532	87.8161127645624	-0.893452843475833	0.975546639315132	-0.701320790764328
K01421	587.772920622581	747.012184186791	-0.893313154328836	0.975544217834418	-0.345872880476708
K18940	4.54077467143264	10.5725988747438	-0.892964955036629	0.975538185876494	-1.21931970023328
K13043	158.318449785909	219.482438564135	-0.892825324084282	0.975535770490354	-0.471276119038875
K16882	0.677225737914396	3.06830311444284	-0.892448779879963	0.975529266407516	-2.17973230330222
K21471	17.7415630765583	36.3904645069781	-0.891715872604586	0.975516625927776	-1.03642734629467
K10614	0.548703546233896	1.61606270641746	-0.891206243173961	0.975507851167625	-1.55838437359521
K06073	13.311102085241	26.6070803546948	-0.889157419466252	0.975469736000071	-0.999180186064215
K02341	10.3456343640064	20.2454988583406	-0.888488740123419	0.975455795852509	-0.968579082371485
K00768	67.7243917384658	107.893174497036	-0.888015005447942	0.975445614711212	-0.671856164266506
K12700	10.5728345202568	26.3742970218185	-0.887254387872427	0.975429295497527	-1.3187704334831
K10834	1.29256768420974	3.59130639239985	-0.886951213999899	0.975422384663173	-1.47426891379931
K14208	3.78277420059185	8.20862007681619	-0.885944155223093	0.975396335064387	-1.11769505348421
K24697	1.85196202089859	5.17827292004424	-0.885526381883565	0.975385549418781	-1.48341649141219
K11184	13.4666274931614	26.4720463309703	-0.885441107610976	0.975383349397819	-0.975081126188004
K00233	73.6385117468499	128.794990733664	-0.885123009232115	0.975375147157004	-0.806544108467009
K07012	6.89407080090241	22.3795410918482	-0.884635295457257	0.975360422815615	-1.69875243302631
K06351	3.93840055854986	9.14129738440143	-0.88434590361531	0.975351611304316	-1.21478908592847
K22432	258.211762990177	340.790322563798	-0.884216023944571	0.975347658929795	-0.400329642906211
K01966	482.428879376036	579.823247679897	-0.884066247774209	0.975343102813559	-0.26529690550062
K18313	1.14777932470288	4.55817997699942	-0.883339017655512	0.975321007137506	-1.98961259762674
K02899	765.846366133594	911.240752343923	-0.882739108175561	0.975300613351454	-0.250777261464578
K02108	325.389581583231	397.755366491764	-0.881787206480902	0.975266621954187	-0.289713336316253
K01480	4.36638635312522	9.91885899514403	-0.880624897895318	0.975221893097592	-1.18373438066946
K07334	1.07127897554721	2.90805974377091	-0.879452224058831	0.975173369115171	-1.44072268224884
K25113	0.672639160792656	2.08556231280177	-0.878938013839192	0.975150531435043	-1.63253173839875
K05604	0.716849169285867	1.95659354631025	-0.878769250428104	0.975142674730763	-1.44860258673215
K03791	5.37938004416337	22.8191097335148	-0.875818751215572	0.97499758500374	-2.08473068568861
K08717	3.15613247548523	9.00297140814319	-0.874963392477163	0.974951546039006	-1.51224347562332
K08152	3.80657581841591	8.26696055346615	-0.874953428914465	0.97495098403955	-1.11886318913821
K18209	31.561414900017	56.2611967550534	-0.873923396890597	0.97489296590269	-0.833978358237023
K07460	7.64629025432498	15.6127836230165	-0.873907911455765	0.974892094888859	-1.02989590893446
K27190	30.4213478213565	63.6249426507998	-0.873576761355034	0.97487347727512	-1.06450837754614
K02669	32.9039180028571	55.3217340635646	-0.871712712404715	0.974762043860548	-0.749586996838606
K16785	53.5962483342774	84.139564799439	-0.871321096656565	0.97473809476858	-0.650652338486865
K03639	82.1040111631981	121.621976127052	-0.870527686425326	0.974687531917226	-0.566879324687462
K15581	118.55012979794	170.459076423571	-0.870440644155646	0.974681991385182	-0.523928178217968
K02045	1.32493157375486	3.41024339457305	-0.867138766217161	0.974465426654875	-1.3639568569501
K03972	32.2532958793867	60.5836636738881	-0.866244151036145	0.974404529051422	-0.90948223154412
K13896	7.79729777431617	15.6004811775966	-0.865695920583712	0.974367281894576	-1.00054439153297
K12991	42.5539435003577	80.1106016120156	-0.86549454073194	0.974353459466619	-0.912700343926486
K06382	21.8849123666335	39.7969712364702	-0.864672683797848	0.974296366053284	-0.862722031065332
K05850	28.3642894814673	59.845799778794	-0.864068328527298	0.974254461578819	-1.07717427122383
K07056	318.361459351064	396.511758976665	-0.861356760522832	0.974064335367344	-0.316697956566251
K07716	0.79059076437232	2.17923550370608	-0.86102991175163	0.974041191565978	-1.46281910587471
K15987	333.804675388785	419.054189207648	-0.860896563734762	0.974031755057063	-0.328132653645636
K25677	134.800204923539	198.583130274769	-0.860705819917857	0.97401826263004	-0.558920380777031
K05966	0.683031650175757	1.81131832719245	-0.85745220969054	0.97378793700871	-1.407015776189
K24950	7.62688624511909	15.4760186055516	-0.856371330053524	0.973711388441838	-1.02086828107062
K01372	63.4444618325649	97.7075421780035	-0.855647347701108	0.973660213312075	-0.622975695653122
K05802	5.18361589994845	14.2922656313134	-0.855125502159553	0.973623338428429	-1.46320390750553
K01135	1.09297911072086	2.78618529480014	-0.854640053191648	0.973589080189165	-1.35002537918958
K02013	10.2634134268018	20.0818759090763	-0.853539783370719	0.973511590428311	-0.968383416926065
K24698	0.625008263300317	1.5214973255351	-0.853169887492085	0.973485586778445	-1.2835446288702
K03106	900.01359709298	1065.87655942741	-0.850023227198662	0.973265706228921	-0.244021664897031
K00836	0.826169825967013	2.39530387026176	-0.84931981414048	0.973217033365	-1.53569841406625
K04486	43.7947509507272	69.8346076319742	-0.849205874866936	0.973209159522888	-0.673184198730528
K03772	40.3568567986644	72.0481631225092	-0.847638788749532	0.973101278842753	-0.836147834920284
K23123	1.94808306432474	4.45338031193263	-0.845704875129784	0.972969690266339	-1.19284562719919
K22470	1.18737437525301	2.79306847842601	-0.845248296305365	0.972938991701529	-1.23407606127304
K11636	2.29448159182104	5.40847185309539	-0.844724244921905	0.97290379987073	-1.23705279029535
K03388	76.1671145374558	117.255143489782	-0.843332184393956	0.972811252014018	-0.622411061301431
K06350	3.07610862372459	6.69595499218457	-0.843279591770648	0.972807781920724	-1.12218338191112
K00262	1169.83349557299	1356.22588702312	-0.843069452072618	0.972793921311058	-0.213294284295211
K01933	128.805685444936	174.829007280962	-0.843032483819445	0.972791483671277	-0.440748298797369
K10439	81.7553668325616	121.385572294344	-0.842430493106673	0.972751820719672	-0.570211610656985
K10762	1.38153507275333	3.31549951669727	-0.841382986000188	0.972683923736089	-1.26295405666402
K03811	0.944217172446523	2.39874809499557	-0.840054217371862	0.972598703834842	-1.34509103414142
K01759	36.84634421913	66.910003411509	-0.84003850417113	0.972597718405274	-0.860700431132903
K06871	125.099722590315	172.821035695477	-0.839968385485762	0.972593321480814	-0.466200242034857
K16694	97.567774349957	145.679735491636	-0.839313723836576	0.972552306126103	-0.578323583970188
K01419	3.97486546017563	12.7383944587704	-0.839030300592677	0.972534569705732	-1.68020551793973
K02878	709.949237102568	881.83804407572	-0.838948790542308	0.97252947114481	-0.312797846242665
K18011	4.01245513385457	10.8556553141341	-0.837992957234988	0.972470218621609	-1.43588965290197
K00954	131.894239316734	181.924889138865	-0.8374884726251	0.972439579473487	-0.463961377513162
K00294	10.8757354869969	21.3560174594991	-0.837445866740842	0.972436993584679	-0.973529665029826
K20884	0.79132457171556	2.30191987606379	-0.836728085549802	0.972393469298802	-1.54049615712798
K18938	0.587922932274121	1.69075283876333	-0.835342869534561	0.972311836444043	-1.52396681877765
K01369	0.901822411576709	2.87389884837487	-0.834479242629394	0.972261628965365	-1.67209401608111
K04488	85.7926886081694	127.592670230807	-0.834083768574767	0.972239277778564	-0.572618844243044
K11690	5.58559621864435	12.0534106590208	-0.832819413071955	0.97216866079247	-1.1096582418806
K07069	0.64922805742312	1.79667576320179	-0.830740134362807	0.972056902287502	-1.46853282190594
K14391	2.22833515103556	5.19869515201586	-0.827025983606783	0.971872268977985	-1.22218332259734
K11537	71.5526058785713	115.068132799169	-0.826345736729977	0.971840204994504	-0.685412131292879
K02042	0.945259995136954	3.37310464573811	-0.826081677469514	0.971828203940724	-1.83529397219794
K18702	3.66198152018508	11.5118651407802	-0.825340224543862	0.971794544760197	-1.65242518054982
K10036	57.2723772463503	89.3705638729907	-0.823408101159231	0.971709459608995	-0.641960239149303
K27187	9.60925356712945	22.2987753238502	-0.821588027069768	0.971632745834652	-1.21446820372925
K03762	7.81097257984903	16.3498230425331	-0.818598060860453	0.971511980716546	-1.06570092001619
K23124	2.25310056639172	4.79019772509202	-0.818390500003209	0.971503780957506	-1.08817349812191
K02191	3.78031024629136	7.71040040804962	-0.818095724426856	0.971492142093776	-1.02830114269266
K20866	0.954052267871532	2.50801988806664	-0.81754281837178	0.971470331302245	-1.39440857671663
K00177	2.34534766957086	5.70778436554364	-0.817187120543886	0.971456313699027	-1.28312903147576
K24831	4.09045896550824	8.95733106064492	-0.817104310624816	0.971453051814017	-1.13080620052482
K09800	9.47315942679858	29.3074321017755	-0.816355793074929	0.97142339813216	-1.62934899618974
K09951	8.84741835169984	18.1257847250158	-0.816111626699093	0.971413695670118	-1.03471500757754
K03150	146.3186035588	206.710085078171	-0.814745642340728	0.971359328539654	-0.498495566013956
K07037	44.5033159395832	77.3873410398996	-0.814657920346061	0.971355723674753	-0.798184755543833
K00669	0.65124920954136	1.52573837276754	-0.814357653910639	0.971343389512293	-1.22822597464826
K02203	2.84298241814402	6.35060858019134	-0.81434745313037	0.971342970627933	-1.15948967530273
K02439	5.64018592168853	14.4874883518777	-0.814178649446769	0.971336040188858	-1.36099287612558
K19970	0.648558222318514	1.45326204639813	-0.813661567603554	0.97131482610383	-1.16398686851454
K02850	1.02809532314106	2.65084426433069	-0.81333881960419	0.971301596573465	-1.36647788032882
K19077	3.3773726101591	7.30165355376509	-0.813244752310101	0.971297742420696	-1.11232186381239
K04761	36.7985745916286	63.6657717211685	-0.811959251856581	0.971242727080588	-0.790868068740803
K09882	11.8973918826281	33.1219765980793	-0.811572197440079	0.971225940733438	-1.47714342606657
K25495	0.77416653021045	2.07093101786636	-0.811424915843056	0.971219556746018	-1.41956365699567
K19068	33.407787568843	55.816140717857	-0.81124125780568	0.971211598735949	-0.740497932593336
K02349	0.918202111115392	2.9068053584173	-0.809061629498235	0.971109064794102	-1.66255081671967
K14978	0.92897891718711	2.38244256341379	-0.808860803156121	0.971098698643646	-1.35872367296936
K25995	111.543635554071	162.872042916014	-0.808397932008191	0.971074236339819	-0.546130786867692
K03773	148.108702608664	207.441325317531	-0.806922120573129	0.970995383901207	-0.486046915179385
K00096	7.51156930767936	14.9463741737813	-0.806098379100522	0.97094617376512	-0.992609294508019
K04087	3.73227449690182	7.87013659589316	-0.806035841064927	0.970942441034392	-1.07633357997864
K00683	0.931061888190193	2.28633246672547	-0.805578358296807	0.970915149142854	-1.29608623530258
K03326	116.123081382773	179.969249195443	-0.805557034488392	0.970913877638468	-0.63209565844447
K00930	90.8936498676827	128.437117489494	-0.805006913862042	0.970880119074564	-0.498810780591999
K00848	411.904334879829	531.03714371642	-0.804593006365158	0.970851679481645	-0.366503465538143
K11615	2.87416039306568	6.59336035795856	-0.802824250248768	0.970727080726665	-1.19787335962916
K02039	19.3162153301082	32.8264552459621	-0.801733045087573	0.970641751550954	-0.765046518019518
K03497	151.867361553671	202.917864942591	-0.80163312184083	0.970633946738697	-0.418084038378659
K21898	5.25219236759933	11.6336998166069	-0.801393676891161	0.970615250226301	-1.14731832133816
K20831	1.26494332817589	3.00035887393285	-0.800982890352326	0.970580341270028	-1.24606232134599
K01579	4.94975040063888	10.4958114009049	-0.800849892987164	0.970568309637395	-1.08438601968115
K05352	2.23154092946407	5.3904664432074	-0.800695650989989	0.97055435987892	-1.27236984862489
K03656	3.67636447856908	7.53411949094362	-0.799942620639245	0.970486313405837	-1.03515911058046
K00976	3.65757591616604	7.81289696622568	-0.799633336921172	0.970458393368213	-1.09496977949043
K03718	268.055373721064	351.208588398386	-0.799492257327714	0.97044566305344	-0.38979706755874
K03740	1.01796864648032	2.62687163109138	-0.797763017519592	0.970270626866333	-1.36765257418219
K20534	219.468959710355	275.89577637052	-0.795609415875355	0.970026701176166	-0.33010646234492
K27245	13.2460791709143	24.8428603434773	-0.795212629374442	0.969978449379275	-0.907265905083661
K01610	4087.98049517765	4678.57813156789	-0.794919694936831	0.96993997590755	-0.194681833612549
K07033	1.93915321912136	4.08575673172686	-0.794570508595923	0.969894140649375	-1.07517650753443
K16264	14.1597252640487	25.9428806984385	-0.79451957039872	0.969887456730442	-0.873545411785253
K07757	20.7800566207766	39.8811796654807	-0.793635094116498	0.969771495710244	-0.940508499316991
K25181	2.60185083280027	6.79068912874319	-0.793274684077517	0.969722436359348	-1.38401973562808
K26914	6.62784960957774	18.8720240817323	-0.793231127172461	0.96971612985982	-1.50963639233856
K03208	1.56394972845303	3.67695385127704	-0.791900812104226	0.969523748267256	-1.23331693022361
K01089	83.8342697385762	121.218940873661	-0.791175148007182	0.969414815247817	-0.532003128555681
K00548	804.481184528689	949.42378312833	-0.790367092475456	0.969286389764629	-0.238993510710048
K19001	1.4454149856744	4.31152863802248	-0.789623685459315	0.969168396020175	-1.57671570573866
K02377	58.5364887710828	95.1355154652414	-0.789160101383004	0.969090203064045	-0.700647810275953
K25985	0.614468169907459	1.37863939683793	-0.78915945932273	0.96909009263147	-1.16583496381145
K00240	39.0502372346126	67.9026357568343	-0.78861011914446	0.968995651428381	-0.798136263300512
K23675	129.225698985692	178.60320678601	-0.788103861268336	0.968908694188678	-0.46686497811593
K03566	1.40380249168963	3.37804310906922	-0.786965386864883	0.968706570700567	-1.26684776966913
K02401	2.2510806717477	4.97984373884913	-0.78692067323775	0.968698391206297	-1.14548271363853
K03430	1.73623851392489	4.0470678078659	-0.786636608726029	0.968646441178992	-1.22091187119788
K00012	179.944927771788	243.138111406052	-0.785792352811163	0.968492186285127	-0.434220613990557
K22129	1.41861749097627	3.28512077432633	-0.785524927340123	0.968442468923459	-1.2114607701696
K06952	2.86187804276648	6.18860596388218	-0.78544905440537	0.968427777653175	-1.11265227292844
K15125	14.0177629919886	27.352395800888	-0.784797457461674	0.968301683298848	-0.964411067503104
K07722	1.33615002956518	3.7434164958529	-0.784579743418719	0.968259581821789	-1.48627356282723
K07216	2.38606079558184	5.01238913436728	-0.784233018492497	0.968192562884626	-1.07086761931121
K03294	165.236947644474	249.130022356275	-0.78401017195767	0.968149508422252	-0.592362574252726
K01255	50.7569639580345	78.0118099798948	-0.782447936874091	0.967838855799353	-0.620086769340595
K07710	25.4377646628776	44.6745477001462	-0.778832931243721	0.967097587772104	-0.812481223289226
K10556	1.11441258316283	3.01555657734001	-0.778673772433076	0.967064505190283	-1.43614085000032
K03644	96.9530952517968	140.006867210486	-0.778125324634689	0.966950566770806	-0.53013872921583
K08655	2.37677563045636	5.93668819307979	-0.777504423864742	0.966821624378449	-1.32065262369456
K10003	0.877554521782745	2.09161436589069	-0.777112755947691	0.966740303073559	-1.25305621739236
K06131	763.415547055704	880.634753424919	-0.776303848576738	0.966572501462129	-0.206075212482965
K07019	1.53366837137001	3.85786692948975	-0.77463723826276	0.966230586247062	-1.33081682164596
K16306	0.802050722381956	1.79984904528536	-0.774269497805514	0.966155514894219	-1.16611052973232
K13684	47.5222236967763	76.3339533877114	-0.773757884647243	0.966051857052262	-0.683722566004004
K08227	1.36302294614061	3.67889146595155	-0.773226258876246	0.965946135886718	-1.43246126504048
K22108	5.77616290231022	12.8107427207776	-0.772919688287565	0.965885206651917	-1.14917078483547
K02233	18.7955097674924	31.8550591144754	-0.77289145347439	0.965879596481545	-0.76113447034839
K21474	3.52008710067148	8.52991537806719	-0.772699196175991	0.965841401577823	-1.2769203020037
K18691	60.9353644844501	90.7671900932043	-0.772295760203385	0.965761286909126	-0.57489114160901
K00903	184.296484852761	249.475699977216	-0.7717362273313	0.965651735006716	-0.436870743372044
K02410	19.6421435086591	36.6708443079951	-0.771026977675437	0.965516020290317	-0.900681106254098
K10040	8.99167034357331	17.815575719342	-0.770987017485244	0.96550837793856	-0.986478056700229
K03801	108.132015971158	150.8173670026	-0.770738141630562	0.965460790290228	-0.480008825444952
K10706	0.690226465903002	1.57279664350267	-0.769239271881646	0.96518194523853	-1.18819044959485
K01932	5.43738792998173	12.1548509765337	-0.768511702980259	0.965050284998103	-1.16054653956504
K03814	48.5731558205439	81.1105689952112	-0.768478108027333	0.965044208862971	-0.73973069300401
K05844	4.51978550098108	10.9017864096385	-0.76799357731367	0.964957155998901	-1.27023834779909
K08138	514.629954101732	634.550559859774	-0.767551441689906	0.964881642498177	-0.302199688257156
K18456	0.951991508682464	2.39273541108893	-0.767078195280181	0.964800865368003	-1.32964026180002
K16122	11.6185358640133	21.6711690376944	-0.766209722921124	0.964652762168917	-0.899348705085632
K11249	10.7608626146755	24.3036152013589	-0.765919943573335	0.964605458439243	-1.1753772007998
K02986	3888.23398771737	4439.27187367993	-0.765871965158626	0.964597842274332	-0.191208025488918
K02099	7.49119440612948	15.6249381300555	-0.764243484587534	0.964339620741933	-1.0605828097803
K01779	88.5276772134196	132.010523199205	-0.764018595960824	0.964305532587911	-0.576452464677733
K07684	8.8887861038844	18.7449635763405	-0.763594522582203	0.964243415626956	-1.0764447061764
K03824	2.32457516275043	5.18675031729351	-0.7633641442593	0.96420968483388	-1.15786384743341
K03331	2.91353588953156	6.96529571718728	-0.762700084386806	0.964112512987973	-1.25741352268832
K17995	23.4299684085004	41.0480985398058	-0.762221463397611	0.964042528233985	-0.808960385007846
K00297	84.7006878098565	118.627840285675	-0.761475841349595	0.963941412930153	-0.485997039768117
K06212	3.17038682074297	7.76388290141798	-0.76094395097506	0.963869530056314	-1.29211948363514
K01777	1.23676408860744	2.99227734591505	-0.759178491229636	0.963643989652349	-1.27467356677641
K02536	239.148305216863	308.824247248123	-0.758939325056521	0.963614598831284	-0.368880462496594
K01896	386.193901538495	510.26694117021	-0.758597802209104	0.963572644734097	-0.401926793802565
K07679	31.60184359423	59.4095233605295	-0.758156898242529	0.963519790225256	-0.91068548884821
K09667	1.97008912495464	4.13331869813674	-0.757984899194604	0.963500269161352	-1.0690397092063
K16781	2.61801553293785	5.92749775537839	-0.755696399049525	0.96324644665231	-1.17894955443149
K15358	2.31555216039249	5.1174282060499	-0.754919601140629	0.963165188334807	-1.14406270166407
K07080	31.1993065340274	53.7407461968751	-0.75478763823584	0.96315139167184	-0.784502390780266
K02017	1.54619527830242	4.20882739254547	-0.753564423572813	0.963029429977014	-1.44469580738372
K06408	14.1298116911546	25.5195765375442	-0.753532805281489	0.963026351171941	-0.852862150834261
K04720	28.8876900007227	46.9200771296898	-0.753401665252911	0.96301358274837	-0.699750541298031
K05020	5.65693747145186	17.8860383932634	-0.753343720939678	0.963007941642126	-1.66074074852481
K01077	38.8536597859898	61.2398525228764	-0.75327601247164	0.963001350446717	-0.656420310147786
K01695	17.6072083274216	31.1739071230917	-0.753230925905668	0.962996961711291	-0.824172799838131
K13731	1.50020912094377	3.29155518139963	-0.752679151233429	0.962943270796995	-1.13360576553945
K12524	146.39261083853	195.366419130548	-0.751723128606736	0.962853758689248	-0.416339773188979
K00833	45.6167000737595	74.8639395715262	-0.751148898878111	0.962800716422615	-0.714708883882852
K01143	0.64859972869288	2.33284589067272	-0.751025394671731	0.962789312830156	-1.84669067965882
K16899	23.6249167760385	40.1107998337089	-0.750990803881196	0.962786119230669	-0.763681487522238
K01132	35.511226424588	63.5030592853365	-0.750800917169109	0.962768590204876	-0.838550909475244
K27188	24.2009539437105	47.0054853442927	-0.750577574902085	0.962747977753113	-0.957765206906657
K10708	55.3639479899744	88.4940187908818	-0.749763885888742	0.962675406501858	-0.676633123506077
K13509	5.62149922866801	10.557584968145	-0.748679215560644	0.962579157421878	-0.909253010910359
K01604	25.1499386693026	42.8594231653383	-0.746624822918551	0.962399730222113	-0.769057551384071
K01816	2.73611531801361	5.91039210015042	-0.746160231589138	0.962359182519531	-1.11112480689792
K06872	83.2600598745897	132.644739790369	-0.745605913247991	0.962310824762767	-0.671870963571818
K02342	7.21982191795645	15.9749353020576	-0.745401402364787	0.962292991141269	-1.14577493075398
K02121	36.9818741180019	58.5829993643451	-0.745095393120449	0.962266314321401	-0.663663721429316
K00186	509.168458336596	603.895379254132	-0.744313324630352	0.962197613122946	-0.246155583348083
K06920	63.6237271748985	99.3876403540498	-0.743963158419539	0.962166520337428	-0.643501562677511
K13283	3.59615478087539	7.11299949710534	-0.740494448962088	0.961852536236213	-0.98400294480591
K18471	20.6627619695916	36.8428280169736	-0.740353042689077	0.961839152559032	-0.834350694826484
K11153	1.57324423391436	3.31497789953764	-0.74024928198602	0.961829333220805	-1.07525659682876
K19449	1.3268335792107	3.3210595218107	-0.740065914817563	0.961811983056158	-1.32365615071942
K09578	0.823586135752647	2.12994095649479	-0.73899281071571	0.961710514962728	-1.37082198949269
K02008	1.92190747787224	4.02779022463863	-0.738237342022938	0.961636948980411	-1.06744966154468
K07692	0.996010317547684	2.65936175612357	-0.73821851584961	0.961635096102321	-1.41684744987403
K05299	0.620174411108458	1.50176635633258	-0.737119585920604	0.961527003715242	-1.27591447137191
K03673	1.8574149808154	4.23057131367388	-0.736618117988838	0.961476883210292	-1.18755632794175
K10711	10.0890621866962	19.8162167396807	-0.735904806311146	0.96140410390989	-0.973889476074936
K03825	1.42952004674817	3.40936589247666	-0.734877799298	0.961299378599202	-1.25397258591708
K13954	97.0263325694776	142.5090760052	-0.734699321486464	0.96128047075222	-0.55460555604361
K07023	6.30929137065782	11.4889299041775	-0.734541667974018	0.961263771986421	-0.864694546671653
K01659	18.5207207005862	32.6832702504438	-0.7343881201762	0.961247510774226	-0.819412105535937
K14026	1.23070297137875	4.31091817948193	-0.733198594723739	0.961121625469074	-1.80851256946991
K15549	1.10301669990725	3.07219160536562	-0.732305408490551	0.961025306841641	-1.47781356255781
K02001	2.9036835185728	9.14695071699627	-0.731048178381449	0.960888772217323	-1.65540665985206
K13634	3.23836922816835	7.09354488833667	-0.730774405768521	0.96085855963975	-1.13123928565394
K03465	70.6270568206754	110.213974593514	-0.730596282064174	0.96083880923396	-0.642014279486403
K13611	0.671336863341975	1.95331413154631	-0.729902100994018	0.96076187344083	-1.54081521318946
K13019	2.51931931620001	5.79846177451764	-0.729871599690733	0.960758494278509	-1.20263623953121
K19700	0.750291325280839	1.76802728188518	-0.729600517584766	0.960728466524134	-1.23661775338872
K19270	0.748476398598529	1.66358680181072	-0.729073716371588	0.960670137170558	-1.15226841421586
K15726	26.1766269172091	43.0232672856695	-0.728740508625584	0.960632843366895	-0.716837884858707
K11494	2.18485045979967	5.08352073643489	-0.727172350475464	0.960457243302199	-1.2182934834316
K05245	1.04525041506673	2.62091506885125	-0.726426919702041	0.960373676286183	-1.32622198739973
K00058	310.928748210836	395.083381476221	-0.725951602783294	0.960320407791933	-0.345573149812782
K18210	9.14218215819105	16.20360449293	-0.725176790146321	0.960233631781476	-0.825704306348059
K07576	159.338274286817	210.184160189006	-0.724368142444942	0.960143759827703	-0.399561094607639
K02783	0.574370227218831	1.24139713511277	-0.720966072299849	0.959771259697729	-1.11191184823484
K19271	6.6363294593598	12.8373325846569	-0.720218670768696	0.959691813267715	-0.951888046550341
K04026	3.15228849584604	7.72746359125313	-0.720218448250981	0.959691789624128	-1.29359537613633
K21830	0.770008787101077	1.82682172818599	-0.717476997088987	0.959407184822542	-1.24638903971902
K07404	25.5130140403773	41.5498277953119	-0.717471273172837	0.959406598257089	-0.703609152502535
K00113	1.16708635528085	3.30737571367259	-0.71564904536672	0.959225819376481	-1.50277562999227
K07712	17.6193901436765	32.0428586018324	-0.713041745809019	0.958978532358603	-0.862838869526639
K01566	1.24033392321551	2.80299823791539	-0.710628910116807	0.958760506569132	-1.17624226156642
K19119	38.8739854623216	60.7837543756978	-0.710547726800862	0.958753321789201	-0.644880763148452
K07727	33.6030351146643	52.6106012224092	-0.709900323281761	0.958696049160399	-0.646761990062954
K18398	1.85907473667265	4.34700157023561	-0.709741392731897	0.95868199560518	-1.22543584753662
K11645	27.1645238042981	48.5527408365459	-0.709201079550837	0.958634903408378	-0.837828982396386
K01599	4.29857059133817	10.8770985014433	-0.708534497836565	0.958577385163672	-1.33936486107144
K19225	1.88771848823437	3.78515778863111	-0.707868580980694	0.958519967058027	-1.00370980740629
K00606	216.370466321745	275.28010906433	-0.705520326643562	0.958319223563518	-0.347396778107922
K21063	13.4866935768293	24.048418883186	-0.705385053044335	0.958307618534939	-0.834405346112718
K21395	13.4773815959975	23.4406071338871	-0.704616007642658	0.95824167694748	-0.798469702418112
K16961	1.65414632833343	3.60610252478645	-0.704564053080374	0.958237224219461	-1.12435355130919
K25222	1.89564202881032	3.77389327145674	-0.704058967323973	0.958193950064024	-0.993367070179705
K08297	0.797309411658128	1.71146041613082	-0.703969218494238	0.958186263294671	-1.10201632077727
K07148	3.6031250845698	7.31042006921646	-0.70353652327463	0.958148911614836	-1.02070557165314
K06182	3.48560269171026	6.57695185930324	-0.702762053860909	0.958080950666998	-0.916010977883424
K00459	8.02823670341532	15.4692910034599	-0.702378581298378	0.958047323084936	-0.946252017297109
K15923	1427.69868677866	1664.38902227463	-0.700989242452575	0.957923075197535	-0.221301144699377
K23950	0.571240277493655	1.34960051527874	-0.700309592970155	0.957861263321644	-1.24036281872981
K05338	0.658480654037843	1.55049104133988	-0.699092183302973	0.957746879366774	-1.23551222988067
K17758	1.76113647162731	3.68100923280879	-0.698656401804985	0.957704908721489	-1.06359465944236
K14986	9.49343912276237	17.0292362571744	-0.698627041247855	0.957702081765378	-0.843011010918279
K05979	0.795917249927475	1.80947151844545	-0.698271429526654	0.957667849958609	-1.18487805019994
K03629	354.040775949389	441.63022185294	-0.698021525444932	0.957643802553099	-0.318923373260384
K16053	125.025416903706	185.486643506465	-0.697546023744156	0.957596158135242	-0.569093889430239
K05337	0.533825502565497	1.24203806375262	-0.697533965604361	0.957594915555085	-1.21826925293055
K13643	9.86096903538005	17.3851609706073	-0.696805126394991	0.95751984352765	-0.818055093132627
K16697	0.937803613975991	2.21329965120551	-0.696166257342136	0.957454093882307	-1.23884104215998
K06190	0.865799412472116	1.86690548948395	-0.696065937209643	0.957443774052791	-1.10854416753653
K10213	18.4221795252782	35.2576753792595	-0.695593014454659	0.957392886631972	-0.936493600986669
K10104	4.97067018510557	14.4655727399307	-0.695156761493319	0.957344527162388	-1.54111115989161
K03783	23.5221572723418	38.7542726919207	-0.694820674740632	0.95730728934735	-0.720334998329837
K03735	99.096137508112	136.915312415179	-0.694039555155419	0.957220803275775	-0.466383073215705
K00817	93.7084396955447	127.814885675583	-0.693923489037194	0.957207959583694	-0.447804973539923
K01627	128.074870145794	173.225410096817	-0.690808917402337	0.95681827452357	-0.435663142648382
K03270	66.0712101374747	95.9960784533643	-0.690427196425979	0.956768083396454	-0.538953702478133
K23774	3.3696562822042	7.66011049228571	-0.690025322907563	0.956715269448017	-1.1847637637566
K03665	439.579855252166	519.325195105191	-0.689849648501739	0.956690011690197	-0.240512946577325
K15461	1.59162812765363	3.21621815967384	-0.689483334207704	0.956637219341586	-1.01486196941352
K05946	23.3620328810309	38.5181647696473	-0.689010578142118	0.956569124799997	-0.721373148527665
K14729	6.68031665721762	12.6255308943146	-0.688601838773188	0.956510285490503	-0.91835565802601
K26730	131.572288154457	176.565642668185	-0.688506657077507	0.956496588369082	-0.424348981329459
K03286	1146.89833173593	1348.60019865531	-0.687756745985017	0.956384497105085	-0.233725207812985
K00207	0.888073475203413	1.96829450463729	-0.687488408155412	0.956342293586946	-1.14819515030447
K00034	0.730088304120075	1.4737481637222	-0.686793616068225	0.956233089747355	-1.01334714211561
K00350	53.8536154296788	81.3455577760775	-0.68460989627075	0.955870414971683	-0.595020361009593
K10844	10.8246744524727	19.5128428449331	-0.684321041479834	0.955821332424053	-0.850100343736103
K25877	2.56050688866378	5.63546899709571	-0.683133374260265	0.955603237309669	-1.13810623944785
K01991	6.85742967112667	14.6801771945858	-0.681805791889059	0.955351308732313	-1.0981295559153
K11250	4.68338341004806	13.9645624946983	-0.681608890402095	0.955312053345071	-1.57614731943648
K03885	68.8100756744094	109.791820539705	-0.68138112591808	0.955266658841988	-0.67407884250005
K20447	30.7139312287673	48.2321113868807	-0.680726150049364	0.955136202208458	-0.651100784397629
K06623	1.64663632845495	3.47381466543208	-0.680303619980758	0.95505210894835	-1.07699882498996
K15238	0.668884504671564	1.7492976192051	-0.680302734501337	0.955051932771221	-1.38694673568839
K24446	0.54711192011629	1.88248595757724	-0.676768500784496	0.954275014444256	-1.78273120946882
K26996	3.43300916566049	6.55826503407104	-0.676649917116911	0.954247980502288	-0.93384049632634
K07310	1.53272956709064	3.11951060959009	-0.675497242439371	0.953973869760886	-1.02521654398669
K01181	121.468743871431	171.839321209494	-0.675222161532923	0.953907617571483	-0.500475069815422
K03767	83.5495454886268	115.336292885159	-0.674933084123234	0.953838024507034	-0.465142672325091
K01557	1.36008831783985	2.77424395698925	-0.674155368233958	0.9536472817884	-1.02839432217335
K10017	1.28071121361233	3.00360164449597	-0.673316305864335	0.953433820241125	-1.22974828636731
K09680	1.37201718518562	2.92279065041646	-0.672858192364705	0.953317392399243	-1.09104794540656
K13641	13.101683283658	22.7792905176255	-0.672429306170825	0.953208054020776	-0.797970634795026
K19091	1.05812085575996	2.77400034980387	-0.670682807297399	0.952744033470582	-1.39046355191936
K05777	4.38934212534507	8.78895108044349	-0.670617472046213	0.952726699922973	-1.00168627203126
K25574	1.33038163907309	3.00570825356478	-0.670366216074725	0.952658473563696	-1.17586481923807
K03399	1.80139392391268	3.35511388223603	-0.669496398104028	0.952418571062135	-0.897248036122071
K06933	78.6050417996616	113.223613945517	-0.669084797732306	0.952305167284839	-0.526481122042092
K00994	2.9909513091554	6.82227828070467	-0.667722475711504	0.951921411992841	-1.18964917921467
K01371	0.601481165069207	1.40623889124945	-0.666824113265803	0.951665148951746	-1.22525023332447
K01963	18.2923156756704	32.0687884524327	-0.665917521282415	0.951401542145744	-0.809932128827941
K03517	277.693629578989	341.141336566362	-0.665634690288819	0.951318871522215	-0.296875497450514
K10815	2.84121641630795	5.61432718906834	-0.665275542238332	0.951213950945709	-0.982604416762848
K25183	2.38879305265686	6.59473971319018	-0.665183210120505	0.951186987632061	-1.46503384429119
K16052	38.6470550753262	59.5476440370314	-0.664525000736299	0.950993930552287	-0.623685945683686
K03797	417.74180249029	499.82901999862	-0.664220393165001	0.950902935634585	-0.258823148517137
K08368	1.31193923419461	2.97832486673015	-0.664086220347005	0.950862869633512	-1.18280022793453
K02445	14.723991151805	27.278977231741	-0.662840393833675	0.950491291215392	-0.889620766673994
K10594	0.718886484268837	1.57933337778533	-0.662218931854526	0.950303732450563	-1.13547985338367
K15655	0.996434601666261	1.97680743371801	-0.661910655429514	0.950210439667451	-0.988325315161948
