	Prefeed_HiCHO_mean	T2_LoCHO_PROT_mean	theta	prob	log2FC
K00074	661.240007947433	213.196352347797	2.7609228316039	1	1.63299126198125
K00128	3078.60922479746	1269.08917366146	2.90336390173063	1	1.27848530931541
K00364	45.6536532761724	378.946046869329	-2.6393189930642	1	-3.05319024005746
K00366	354.340887241883	99.2092677097571	2.51268570953372	1	1.83659114453631
K00689	43.4525272572864	371.521904047195	-2.68153684502029	1	-3.09593527746539
K00700	3066.20686306848	1753.42040031037	2.93045543442193	1	0.806283094043139
K00705	954.094078266136	506.189413072778	2.47431080548248	1	0.914454196049728
K00761	2052.3843230038	1052.16829002361	2.48735322525661	1	0.963935434487729
K00931	881.30878533758	124.940619796196	2.94392473278779	1	2.81840499486088
K00950	7.40561996166545	127.832039593939	-2.61710587527389	1	-4.10948515006635
K01222	518.778863675412	132.835820231219	2.41403311169182	1	1.96547546855517
K01223	11066.995466446	3789.8484936143	3.76810451041901	1	1.54605152368226
K01338	5382.04955024882	2705.11285173522	3.36635094227197	1	0.992466891748694
K01613	1240.6778219089	321.544644640927	2.87727322010561	1	1.94803755980805
K01788	571.032841865484	121.20304908147	2.86457943546666	1	2.23614772896449
K01835	1936.60086318575	1124.93374611108	2.5363260360845	1	0.783686607369859
K01905	1013.72007444638	240.834761632819	3.23027553317221	1	2.07354377784286
K01911	4.97317612295975	72.1736453958852	-2.20031663326517	1	-3.85923269563095
K01975	273.763118718804	35.0923719456409	2.87065291215666	1	2.96369873021167
K02071	495.849100572335	231.290931292093	2.46702855512585	1	1.10019243848295
K02794	3448.27550365091	1505.48122107102	2.57759091086392	1	1.19565033226949
K02945	2874.04676639033	4127.04156602829	-2.47256621629468	1	-0.522024431235771
K02946	680.194380281343	1329.11451516874	-2.25992852568694	1	-0.966446419360177
K03294	155.302592396262	684.645448670084	-2.24251057777657	1	-2.14027515345305
K03387	88.6193214261999	1013.51250229508	-2.67190253630265	1	-3.5155987953175
K03437	77.2306922534381	430.127446038924	-2.678516808256	1	-2.47751798319725
K03547	755.767247912014	285.340077615599	2.65404114461592	1	1.40525960324932
K03671	741.181648254543	276.007108737467	2.86149012356673	1	1.42512173550297
K03695	12333.7223401605	5689.22995903806	4.82119021114816	1	1.11630297233336
K03737	4126.83910637366	2751.58321916789	2.50844115529318	1	0.58477523055214
K04068	850.856265191412	226.746608161662	3.10478960237823	1	1.9078344685495
K04072	1001.77292093313	5112.87362403457	-2.82002029320696	1	-2.35157884753099
K04079	5688.98420712827	2658.75612102096	3.30497146449479	1	1.09741962647301
K05362	34.1661527296084	717.390040034576	-2.46990670983597	1	-4.39211800787475
K05516	394.107066367434	132.521385948412	2.69966454101735	1	1.57236242058324
K05540	789.747865615787	285.480288223093	3.28385316211341	1	1.46800099877497
K05687	654.401796954695	191.253489577083	2.7408324733679	1	1.77469063865171
K06173	377.559770571274	911.977936130449	-2.19802004288542	1	-1.27229386900906
K06179	421.059015177479	127.064287795345	2.81022255122435	1	1.72846384510329
K06885	116.706192226721	778.538573587342	-2.66752573139631	1	-2.73788741110196
K07486	2430.17638477916	943.688240174628	2.87097778945896	1	1.36467879984412
K07646	1612.39020851351	772.305585433351	2.86893238027772	1	1.06195721701954
K08724	1298.72079435289	390.715642845965	2.97792674129292	1	1.73290038405316
K08963	472.507613929102	112.402138214711	2.56653583823295	1	2.07166809686567
K09935	16.9659976044205	0.581162160002219	2.6623903426707	1	4.86756168226594
K10591	20.7850362847663	0.800453904380092	2.81140965945635	1	4.69858313140582
K10907	891.584898656324	343.165818835901	2.78577151094662	1	1.37746632115982
K11103	425.320410938282	135.205677010301	2.55054298453925	1	1.6533943622107
K11180	403.013941959503	1313.52094432416	-2.75954887233314	1	-1.70453755102076
K12264	851.005930058293	314.515859105589	2.60933803116139	1	1.43603641986702
K12410	1142.71350928675	620.144149414399	2.75923034622417	1	0.881788242678272
K12555	253.195094408107	2236.03753195462	-2.30655160782165	1	-3.14262304576974
K15342	772.077913055016	280.082029945121	2.97911064278442	1	1.46289701908073
K16511	68.4745272339546	327.086923914773	-2.60521109864536	1	-2.25603478004109
K16899	22.2045424632208	148.005979080239	-2.2519526581525	1	-2.73672870918804
K18888	3284.43777429253	1719.19337267699	2.77852226831474	1	0.933914606616005
K21071	1228.42373949981	613.995790809991	2.52632566263655	1	1.0005076275426
K22373	695.382144622336	256.990358995736	2.58885330529599	1	1.4360917856877
K22736	12.8055681649824	271.878937981299	-2.6739802315536	1	-4.40812122264497
K25290	859.317705641332	322.896083855754	2.54551018045484	1	1.41212167723489
K26114	356.368896305688	65.7635178321385	2.49530026706975	1	2.43801204561222
K00040	6920.91120020525	2559.56161775067	3.05285311820522	1	1.43506525659692
K00703	2790.49295182132	1206.19272900474	3.25815080638795	1	1.21005955876601
K01195	214.223215959973	51.4927101495162	2.44236944630142	1	2.05667472863923
K02825	8.9710917744736	88.5194014434105	-2.257197507443	1	-3.30263822011827
K08600	619.174501049674	241.97893934454	2.39531978636264	1	1.35546457150066
K21471	16.6749070243035	152.153619596227	-2.25001922530629	1	-3.18977803227609
K00764	1765.03052777732	811.800122360945	3.01902220955628	1	1.12049667380713
K01621	957.45670143925	5936.67202312739	-2.56759717706791	1	-2.63237526091536
K03231	344.528615559133	45.3111258445932	2.38730610243238	1	2.92668657099761
K08348	1108.30310302819	457.639997181039	2.38701305856208	1	1.27606743664322
K21527	34.5677213218501	1.36187779760123	2.64117708031862	1	4.66575634528959
K00033	231.522462048463	1662.43674803196	-2.25406455870115	1	-2.84407537633016
K00370	1125.61699178179	301.587028136184	3.26484941451447	1	1.90006973025119
K01007	295.859738425231	2738.59340531702	-2.24822182039723	1	-3.21044979899012
K03800	47.4092392573704	598.568809971734	-2.39494996124017	1	-3.65827695685931
K04086	620.984265821547	5765.20348377338	-2.81461453790697	1	-3.21474290916648
K07450	559.740225481784	183.576649197499	2.88874675207212	1	1.60837486932505
K24163	15.10301452287	162.024306245381	-2.56851084428573	1	-3.42330181512161
K01623	1394.46016759107	281.410480023557	3.75890976096058	1	2.30895876255374
K02906	1468.33999983292	2865.61837693192	-2.56447540065185	1	-0.964660425822395
K04069	161.981007714563	603.656178816571	-2.27970585810049	0.999999999999999	-1.89790240853834
K07126	621.763201633928	94.0136867224518	2.90645694261249	0.999999999999999	2.72542252693986
K14260	104.858211112189	338.168980114822	-2.25493397854185	0.999999999999999	-1.68930449021019
K00625	4112.23837007022	1660.7184474224	2.97159828805005	0.999999999999999	1.30811638983446
K02968	252.561654217271	546.165075862217	-2.19143533847592	0.999999999999999	-1.11270144984774
K16012	36.1360498635614	324.522923673477	-2.41150040156863	0.999999999999999	-3.16680967626527
K17723	98.0549088901782	582.64359834107	-2.2831885074881	0.999999999999999	-2.57095189771158
K00895	1674.96983370693	602.417337710095	2.89276788870233	0.999999999999999	1.47529991597588
K06990	1965.60633455211	609.300608359285	3.25275630765354	0.999999999999999	1.6897483262533
K22043	13.131138932538	242.124412010935	-2.9904392292793	0.999999999999999	-4.20468458603118
K02010	429.536286833156	50.2975298366828	3.81214185602853	0.999999999999999	3.09422055942241
K03687	1293.30250227311	525.582552489649	3.19933099433388	0.999999999999999	1.29907047055294
K06216	2.81612805917023	276.39055689373	-2.43712919003244	0.999999999999999	-6.61685157565845
K10441	576.37250923333	1386.68486820465	-2.2809720366218	0.999999999999999	-1.26656653326887
K01847	659.43485505751	289.649009086602	2.37106893186342	0.999999999999999	1.18692441460628
K02840	9.09493758885634	202.118156938082	-3.00409037103169	0.999999999999999	-4.47399138147884
K03305	183.969976746927	787.554732157304	-2.9830231790602	0.999999999999999	-2.09790984624713
K08161	37.519453058311	280.894792925147	-2.45098475429873	0.999999999999999	-2.90431917865575
K11737	30.4837825331286	219.211783134874	-2.2878366447652	0.999999999999999	-2.84621151490219
K19089	2.21880536972054	43.7792558722134	-2.39424770734714	0.999999999999999	-4.30239240569932
K26032	290.444281307024	1236.72108614732	-2.37416206303603	0.999999999999999	-2.09018684112642
K26210	2.48749842927109	145.159794508086	-2.45169820842935	0.999999999999999	-5.86680249472216
K19005	149.367032842501	1190.31177542856	-3.29545264617368	0.999999999999999	-2.99440583690788
K00100	895.067695194897	296.700395748584	2.98620149024514	0.999999999999999	1.59298994837112
K07058	110.002570644214	320.553438992639	-2.27025994330639	0.999999999999999	-1.54302764805598
K07386	16.9535111004085	283.672234167091	-2.96576726658082	0.999999999999999	-4.0645689525937
K02864	845.663180382774	1640.65206827982	-2.51559114643778	0.999999999999998	-0.9561142490317
K01176	1538.09037749004	306.421760410498	2.95290521589433	0.999999999999998	2.32754961950803
K01823	81.2502554097789	830.129694980185	-3.17259741279097	0.999999999999998	-3.35289249969744
K09014	2782.88861836188	1034.37099551307	3.79975906021156	0.999999999999998	1.42782944111055
K00248	1431.1198998066	495.847329725813	3.1570775172979	0.999999999999998	1.52917665515786
K02086	3.6539577809616	60.9035501940953	-2.5178781829827	0.999999999999998	-4.05899445846711
K15633	1373.36720978584	853.687236953729	2.35150727434638	0.999999999999998	0.685937908127004
K00712	3.09577643180019	59.076364590795	-2.49608900484902	0.999999999999997	-4.25420785604129
K03703	1033.31988508062	2978.97861787239	-2.38381636625299	0.999999999999997	-1.52753082964379
K10877	89.1049874495747	1.33626462187122	3.513223433767	0.999999999999997	6.05922854597541
K00975	1676.33251830442	642.538470562576	3.76379373734107	0.999999999999997	1.38345361109719
K14205	3.36430185542152	56.0280555305934	-2.33791344539741	0.999999999999997	-4.05777036478878
K07005	251.185887433966	36.3188419998266	2.9086767210422	0.999999999999997	2.7899653013033
K21567	24.8026427312218	476.747238497287	-3.37112959564877	0.999999999999996	-4.26465882828758
K04095	1301.94436636541	471.950374922401	3.17393862664231	0.999999999999996	1.46396072690925
K02899	719.802246006821	1758.01875512981	-2.77460170083702	0.999999999999996	-1.28827795267537
K02356	606.687372395715	1078.433011616	-2.38657815917471	0.999999999999996	-0.829911375739302
K19956	259.559079672707	62.2597544880968	2.34623909814307	0.999999999999993	2.05969116284902
K00687	50.9057370563927	807.489174877593	-3.36585395973585	0.999999999999993	-3.98754275756924
K02888	629.425809487607	1563.05917986028	-3.17788885946062	0.999999999999992	-1.31226415965553
K00626	1082.99553212701	347.995241855505	3.15298668907697	0.999999999999989	1.63788780582435
K03322	62.0642056600168	490.50647314682	-2.87071110840891	0.999999999999989	-2.98243880890793
K26113	1373.60628844655	209.872466845935	3.61855475109122	0.999999999999987	2.7103837321102
K14441	12208.3592124157	3729.01405377292	4.32404862929092	0.999999999999985	1.71100317760739
K01442	3599.821324767	1277.01875977106	3.52363557302284	0.999999999999984	1.49514558212512
K07284	6287.7705570341	731.011305701443	3.97529095942965	0.999999999999982	3.10458295015726
K07444	70.4498897471829	579.562161880515	-3.59573694369295	0.999999999999966	-3.04029405427196
K02761	3670.7740826352	1028.02560619348	4.00396420539544	0.999999999999965	1.83620812685862
K03366	54.2152700194221	925.884409476939	-3.47649008575497	0.999999999999959	-4.09406093716184
K02796	3834.24178302006	993.822585645657	4.20118780670871	0.99999999999995	1.94788108050894
K21591	357.860852437607	73.5070464055494	2.33791469779723	0.999999999999732	2.28344427245245
K01207	437.988120808627	156.196890159359	2.33634860835967	0.999999999999482	1.48752601125483
K06902	815.898934383928	330.606831061865	2.33358474701739	0.999999999998437	1.30327392206877
K04074	26.7608832805786	417.885686005241	-2.17212848565513	0.999999999987483	-3.96491070227748
K01491	842.138947678365	484.090137301307	2.3243624319812	0.999999999954103	0.798782587134585
K11717	1793.51957571195	978.644703708815	2.31608961113524	0.999999999230083	0.873936401405377
K14983	30.8896580198745	354.488855239899	-2.15894319221669	0.999999998878978	-3.52054446729339
K01878	84.5000718920239	327.553117437114	-2.15275142788777	0.999999992754928	-1.95470440537755
K01568	98.5873775108692	5.03066501904326	2.30310154134563	0.999999960829313	4.29258191306637
K03657	813.719415154548	1741.51177994047	-2.14040933472083	0.999999787530866	-1.09773691305371
K01495	54.9285473945484	213.893472376926	-2.1366355764075	0.999999469417144	-1.96126440998112
K03741	20.63555725665	112.158972682904	-2.12348491301469	0.999991399815579	-2.44234073669161
K26115	347.971539378163	85.4726295912747	2.27820098924075	0.999987385704771	2.02543489962186
K17810	34.8506085669105	135.710014170315	-2.12012084757486	0.999984143176927	-1.96127142851826
K01428	1313.97210518996	325.626108738874	2.18144529289837	0.999923888814644	2.01264636365859
K00560	1086.56411628907	641.47803255095	2.17708686911962	0.999909611194594	0.760301541890724
K07484	1442.90945783701	938.157668427372	2.17667146198406	0.99990674830388	0.621078463865727
K15780	324.342483999184	120.907043642899	2.18763991560986	0.999890671674109	1.42361971391814
K03696	1673.99431013722	5840.34065125575	-2.10740805575737	0.999888823736612	-1.80275789584071
K03856	975.034153636578	527.95558159973	2.17406932997297	0.999882318662941	0.885036198012384
K15192	31.3168369046256	2.45386939138378	2.18839822621127	0.99988172047234	3.67380813553907
K00773	1132.09509239266	753.401278735269	2.18862823344849	0.999878813376175	0.587504757999558
K01347	7.59143579467323	0.519669516945726	2.1734550419096	0.999874716158509	3.86870643316388
K00844	62.0102876278474	3.85917742225794	2.19097733797917	0.999843795619575	4.00614230414013
K09810	1328.88856966147	626.925543759259	2.25704320080646	0.999714866703093	1.08385411846273
K08884	186.4732950316	37.7690082770347	2.1989370177851	0.999633111970099	2.3036942282281
K07240	617.848009735085	254.874292405904	2.161723380024	0.99960925875536	1.27746611463296
K00656	2048.15530060663	3776.70254705848	-2.09593807494376	0.999601052358358	-0.882802050353565
K09963	138.638279259421	31.495957143203	2.25125253673816	0.999495714735804	2.1380870937467
K24085	188.294368872654	522.478857596135	-2.09292991213112	0.999482393071592	-1.47238280350963
K01626	627.807432557841	287.598183983054	2.11307117810065	0.999441375698224	1.12626754294539
K00864	2435.66475603403	1029.59221955318	2.11431130529073	0.999433405392785	1.24224251839426
K22230	166.456640164058	43.5341120476446	2.11820001916356	0.999373250275599	1.93492822000859
K25288	144.362467098546	22.3257285654383	2.1200059864669	0.999331582077144	2.69291654232009
K03310	467.55515867988	853.728784727092	-2.08888457955199	0.999300367667348	-0.868641249215722
K03442	1119.10261348414	587.449841025234	2.12227493752327	0.999271126798968	0.929804748322064
K01625	925.721215939023	502.817457951555	2.12395935036734	0.999222706497299	0.880543045053687
K01443	1060.49504051099	633.477289180094	2.14839971555102	0.99913743748685	0.743373070719066
K25026	718.597868090222	364.786795299369	2.14701425363739	0.999095803807198	0.978131148025166
K07305	633.128074740999	276.949967098384	2.14605358962988	0.999069247670932	1.1928720031663
K14575	28.419760870827	1.10973886471512	2.13004991982432	0.999056029281681	4.6786022778948
K03654	1944.81057382012	1039.60307693741	2.14505344444047	0.999044835230856	0.903596833441117
K00609	2088.35032728224	998.937642258653	2.14190745727727	0.998985276647803	1.06389722174116
K02895	103.580547474718	360.458341937518	-2.08228585246564	0.998974604034553	-1.7990794483042
K02528	1283.99406367576	785.440232850007	2.23925062261873	0.998887499445203	0.709065127797181
K01006	888.959579772437	481.095722922656	2.21510714006217	0.998858724196554	0.885793848934293
K03215	1706.70090261503	1053.34643395935	2.09532808090691	0.998731074335481	0.696230249052884
K00688	3007.1084989021	1909.58991485514	2.22525372372055	0.998545132970224	0.655114070226439
K03492	516.347167015227	208.948531038198	2.22715542870744	0.998538830806275	1.30519377450325
K02992	1735.85659085915	2649.59813332682	-2.0663960345842	0.998362759199244	-0.610125798220592
K23509	196.562824956984	494.824940883336	-1.98696368987983	0.998352333710007	-1.33192772189951
K01552	91.5152190060076	302.162289923181	-2.06223305653658	0.998254890464211	-1.72324003328921
K06153	143.997446752173	376.688548849337	-2.06200842026244	0.998249165978556	-1.38732894553968
K00925	2148.8383165949	3811.73760046584	-2.06096020193258	0.998221798486569	-0.826891872477035
K01819	19.7398193270574	472.438332335846	-1.97672637814026	0.998183806307892	-4.58094533536736
K01870	2175.5948339162	4493.21834772906	-2.05930252790904	0.9981770497001	-1.04633926610904
K00613	78.0514284262169	273.895367279579	-2.05344412068534	0.997989084163135	-1.81112792377114
K02926	1188.72907167091	2439.22909462686	-2.05103696280774	0.997891589928055	-1.03700532198656
K02357	1494.43101707929	2283.880807198	-1.97077630938453	0.997743170719069	-0.61189105650228
K02834	301.585797794468	121.287270689372	2.08603840665003	0.997670838905684	1.31414034611759
K01520	584.701891771629	294.898031605833	2.08589866784348	0.997651441317816	0.987485066399033
K00287	199.509738698531	61.8759527720632	2.0855686944193	0.997605630073916	1.68900843052919
K02867	1005.55471063669	1607.32409496985	-2.04219541576824	0.997440812559039	-0.676669279585236
K05592	707.912449751287	1357.87821461179	-2.00535276277972	0.997307065247125	-0.939711240122355
K03217	572.408049359246	1254.55909651456	-2.03871314780711	0.99724269229064	-1.13206456618832
K10440	290.602162181478	617.307740987542	-1.8201043207249	0.99720340995357	-1.08694444558457
K00655	28.7328013426403	139.86941921734	-1.81779387594752	0.997201056835829	-2.28331000658178
K02967	2556.2051882475	3691.18636720852	-1.81740839838256	0.997197839222895	-0.530080933786632
K07652	86.1944798099412	251.796792828871	-1.82191781508878	0.997192241359546	-1.54659252511658
K04564	236.691365316613	780.610463897248	-1.82209493725281	0.997190525756108	-1.72159572548395
K06920	59.7985493500773	217.993338110672	-1.82260405251028	0.997185598671772	-1.86610165513396
K03697	468.518684960442	1388.20050101529	-1.82291306876389	0.997181878470064	-1.56703746459038
K22457	5.88651180030194	73.2035099075483	-1.81582546437009	0.997181172061155	-3.63642793607849
K00878	75.5933156976423	280.744249364917	-1.96566531031442	0.997173764612931	-1.892925895844
K13953	97.2710481215723	391.034187631579	-1.82351492243676	0.997172815823905	-2.00721237765117
K02990	355.982782051204	704.083177576785	-1.82658256129029	0.997113232268878	-0.983938409642322
K01805	219.872693366021	2655.54192753333	-2.03597487639762	0.997092078466411	-3.59426595997147
K08998	90.9422881390413	213.64292876739	-1.8287521087217	0.997054100786564	-1.23217835860373
K03798	2177.97840766788	3582.05940070008	-1.82993481351717	0.997017019278819	-0.717799610152419
K01005	360.520587896601	733.233625981356	-1.83011784916111	0.997010747402673	-1.02419130077447
K01635	34.2044845224482	493.195035324571	-2.01060307087797	0.996976740435715	-3.84990088392524
K01595	164.004014635243	538.671721064651	-1.96395834636887	0.99695002062708	-1.7156751983973
K01928	999.991318731203	1997.90349109016	-1.83321878358584	0.996895735654844	-0.998499419776106
K10010	43.1326400426586	168.973439377226	-1.83379787388776	0.996871712873516	-1.9699445620629
K02950	1098.47411149409	1659.56051753157	-1.80679095570502	0.996871664543886	-0.59530037052976
K02878	667.26575722645	1359.66719511637	-1.80641114839905	0.996850596929506	-1.0269201925533
K02890	382.587289170026	754.317775544617	-2.01371566724305	0.996826410113612	-0.979383480198739
K00627	18.6789535995677	208.535655253277	-1.8364202471613	0.996756437207015	-3.48080853333431
K01738	366.288482521315	876.857356327305	-1.83722624210221	0.996718367866642	-1.25936183182073
K03111	1609.99648389249	2781.6523164269	-2.01773661373652	0.996698641517459	-0.788884568570941
K03621	331.201942378604	1209.51005439465	-1.90201440454791	0.996690058144498	-1.86863972332358
K15580	434.959183402382	1125.90858093479	-2.01861654990261	0.996682227508177	-1.37213776154269
K02965	348.660926944429	756.395514875464	-2.02505158453089	0.996680621761795	-1.11731611267785
K00610	118.360408938023	315.976395774039	-1.90399391648495	0.996666722835622	-1.41663020330603
K00383	202.199233602108	621.125193781792	-1.83917468815279	0.996623537863513	-1.61910655788575
K00690	83.1020170243317	316.878952644086	-1.83969449691651	0.996597695367406	-1.93097643878862
K06949	491.460228903128	1245.63345414921	-1.9086079029502	0.996533654738817	-1.34173301945763
K00790	1251.05868751891	2462.40821841691	-1.88565975546341	0.996444745213606	-0.976920483531431
K05833	150.939880676366	579.894366950421	-1.96019540187695	0.99641049178437	-1.94181608529246
K00954	123.964510238318	309.703533006896	-1.84381571719946	0.996385723858105	-1.32096068994528
K01533	85.7118850192762	819.908872187545	-1.95969401578332	0.996335182736065	-3.25789640104968
K01919	68.6976865068039	305.239373386436	-1.88182192425078	0.996326302408001	-2.15160764990659
K25261	9.99028723233899	88.3783398531682	-1.84561284957213	0.996293489433422	-3.1450947680992
K02952	455.616435565096	837.09929064294	-1.84690017592473	0.99622887918785	-0.877578964258951
K02348	0.654595914538	10.0568267978403	-1.87883813074895	0.996224572394186	-3.94142675895943
K02119	81.1435541178905	214.191854443891	-1.84760463028005	0.996194243547706	-1.40035521689659
K02892	117.749385176851	302.5015629777	-1.87430613238882	0.996065547699369	-1.36122306969336
K03778	238.38749911065	719.386830946104	-1.91634944236094	0.995999791171533	-1.59345916605254
K02518	135.742004731287	357.678139515161	-1.91659457266631	0.995977045289737	-1.3977947216385
K09790	2.73723292413464	29.2239996606754	-1.91676811736563	0.995960917917167	-3.41636353125703
K00926	343.32248516512	626.628089161071	-1.85548402397681	0.995886065973328	-0.868045094658893
K00849	333.408475550456	614.103733474288	-1.86662803349762	0.99584794517389	-0.881191594618738
K00566	658.313925270068	1340.07279233437	-1.95640490043404	0.995832035641954	-1.02546374913161
K06960	12.790355084262	87.8805672719721	-1.86562018040225	0.995831504039454	-2.78048786573802
K12556	6.46877802617018	123.931442710578	-1.92020489168862	0.995602418871783	-4.25990524256891
K01879	246.970703169938	660.709192495322	-1.79130907574311	0.995533856169944	-1.41967550450927
K00867	7.91387712031505	86.2371330434851	-1.95443557136065	0.995531464225566	-3.44585264673591
K03604	80.3568164143181	251.293171907022	-1.78946456930622	0.995332931999178	-1.64487915764393
K05808	1899.75853422297	1047.46005648026	2.070647550291	0.995025641361609	0.8589208290733
K01772	246.42298018611	84.8277490988811	2.00032786415517	0.994993254884544	1.53852861520977
K08659	1417.94480632791	827.622259795518	2.00292164978072	0.994982247682052	0.776757022917032
K24949	203.170667061986	668.697481855825	-1.92579143424132	0.994957264210292	-1.71866155768747
K01226	168.443013365809	41.7504805242556	2.07018075799962	0.994935732300473	2.01239588258892
K03521	335.43100703289	130.889304692184	1.99322618590905	0.994892824043428	1.35766884118568
K02337	2160.91988743569	1507.54089840434	1.99284364791155	0.994882912851419	0.519448445790678
K01803	2508.3644433198	1524.62074564483	2.00805971933622	0.994866273451345	0.718296562051961
K07738	47.5731929271776	257.062209523995	-1.92704051411324	0.994816601505943	-2.43389677477801
K06915	515.415567313846	229.010490853553	2.01028404303461	0.994774504856741	1.17032242322405
K25133	2849.88523117646	1504.75490468956	2.0123330221677	0.994667724723117	0.921375301965934
K05878	367.995478803318	133.874685086598	1.98667021365922	0.994662154471802	1.45880486009512
K02823	153.960663371904	53.8126851186987	1.85150567722809	0.99448092139127	1.51654359184615
K11635	173.129515866057	62.4944497330171	1.85205673852694	0.994474373799385	1.47005173082554
K01493	49.8236620497939	173.653955589005	-1.94611283245081	0.994458473836582	-1.80131230464421
K12267	348.481168292976	105.033079581823	1.84841525400278	0.994456881877365	1.73023692764871
K13566	428.414249755939	209.861868958909	1.8481117716775	0.994450385213272	1.02956640860592
K22522	144.821326259868	39.2089530272997	1.97967585475603	0.99432356936989	1.88501904397765
K00873	2173.896274223	1386.61336154264	1.85829698607082	0.994232268290852	0.648717537273412
K05311	47.3839363373543	192.205458337431	-1.9423791722397	0.994178691136503	-2.02017934897105
K03969	151.392018459478	31.0617941209714	1.97681948893155	0.994174212378888	2.2850760800585
K01802	110.902292639301	28.3591596516237	1.8621239990377	0.993943653195337	1.96740250218515
K10112	2571.94915134207	1572.95481939373	1.83921635288137	0.993772829003861	0.709384887934886
K01224	13.4646910259067	99.1904284358821	-1.77239614987387	0.993685364052345	-2.88101978708374
K12573	2600.01645705583	1646.21485498163	1.96568849401319	0.993653748529623	0.659368114226626
K09685	2.66707155581865	43.2926631611317	-1.77127871244225	0.993603419291625	-4.02079411399425
K01804	1633.99288990164	8156.79507748914	-1.77095719152181	0.993579907684168	-2.31960070202136
K06180	1552.97412420222	1015.08412352711	1.96076908044751	0.993486492115237	0.613434498122312
K00078	197.07960903029	64.9928970424123	1.96040606956308	0.993475532826243	1.60042455241824
K02810	1137.11522867046	524.575282750074	2.02704636373604	0.993360542925345	1.11615671944178
K25619	12.8167296525886	71.4680965271113	-1.76724585090681	0.993325182767013	-2.47927117682001
K18118	947.716739868951	209.692297187237	1.83517518332199	0.993133707491357	2.17618205426963
K02117	471.405009142776	716.764319373209	-1.57393903773425	0.992560363398194	-0.604531732898591
K11069	369.947919216064	170.14992868555	1.87589044432069	0.992457136438587	1.12051563768607
K02770	1437.78662036688	653.814439433559	1.87631288010929	0.992408876583618	1.13689643921842
K27271	228.057371929126	421.025941052658	-1.75246019058663	0.992387242976148	-0.88451232020072
K07030	2748.18211341626	1628.82880010984	2.0535128220746	0.992330117886746	0.754642634462391
K27540	26.2928391181367	3.34782458081668	1.8772031682576	0.992310066472131	2.97337409282871
K01486	657.885303401285	363.793306112394	1.93139502293186	0.992259496077971	0.8547170872263
K13730	372.99786514167	152.032291732138	2.03880001678421	0.992253851850753	1.29478958788027
K15711	3.76262361888233	0.453027928872324	1.93043585460347	0.992190310632348	3.0540670822636
K11253	9.98370126757836	0.752391232038619	2.04026385694208	0.992164961009604	3.73001982482648
K11254	7.95396941012942	0.703463310856273	1.87859297702828	0.992158147297575	3.49912792700098
K26905	149.201267567834	38.6285561844896	2.04075861722702	0.992138618840785	1.94952013210786
K01216	54.1092258143565	0.871164152884505	2.05070117743251	0.992131636019116	5.95678619889578
K00788	41.3696576456508	127.126416115719	-1.74856533466597	0.992129651311078	-1.61961892125054
K07455	173.987512770192	43.241643646787	2.04232294828945	0.992070431275748	2.00849049922504
K24213	101.700899226521	14.9150905227888	2.04414113371056	0.992019711432559	2.76948779655053
K27043	174.163065985942	42.182280213498	2.04501026369705	0.992005767244075	2.0457297212716
K00762	1048.74181632959	538.425781347942	1.82933153619927	0.991838301699049	0.961840155864371
K18881	63.4833935824036	201.850095796423	-1.7437789878779	0.991815522207948	-1.66883311513597
K06148	363.843738560593	170.53199812311	1.88228353143564	0.991783032249884	1.09327651566445
K03292	275.432432776512	1885.83066771713	-1.5980631577245	0.991734913405874	-2.7754297844156
K02232	238.562601777036	61.2556129042971	1.92352742397889	0.991686480169252	1.96145394626478
K10762	1.29847459265945	17.1567145675605	-1.74146036073908	0.991669921485318	-3.72388361968526
K07718	63.9170368680711	158.778918316917	-1.59894888801838	0.991617436086592	-1.31274694008475
K03613	667.190442554028	342.65118743842	1.92145917368395	0.991545514097005	0.96135793586124
K01208	1915.24722278457	848.207304181681	1.92066090654457	0.99149331218295	1.17504181765547
K16209	35.2247348396543	186.834908795295	-1.73690852873405	0.991406926850985	-2.40710328615658
K25434	1.24489746195091	28.4693163431135	-1.56684558436547	0.99140353055839	-4.51530902656078
K17759	7.13924948723454	42.3469654379402	-1.69685275922011	0.991366257146486	-2.56841426627557
K20118	82.4780259739329	401.276185564	-1.69952038758314	0.991351075613774	-2.28251383058043
K15555	248.220472640353	452.954347166286	-1.67032229489474	0.991341955053874	-0.867743539284026
K00691	9.88342371779896	67.6944496696107	-1.66798966172402	0.991327790095208	-2.77595475311399
K03106	845.903091366496	1195.60213847008	-1.67646748821709	0.991323530198829	-0.499173083143111
K15582	102.638952822113	236.002073345683	-1.66716568612713	0.991315819421582	-1.20122117766781
K02913	169.661905772845	326.383240650784	-1.68357615378907	0.991310190041614	-0.943904306134495
K03702	1004.42608110283	1832.27568809372	-1.66632250758008	0.99130274565292	-0.867265195249127
K06413	180.664722424798	64.1220003910642	1.88915742957048	0.991237824684304	1.49442348668418
K01754	797.159820505566	529.767167657069	1.91629934148243	0.991237654286647	0.589510560011482
K11921	98.4362437294084	23.1946561856382	1.91491372125916	0.99116779408508	2.08539714515197
K01715	188.741148568432	72.140156977287	1.82668307857191	0.991113351126533	1.38753452011289
K00948	1248.6431231996	1902.34680752896	-1.66000246608293	0.991062259547334	-0.607419084088701
K14982	5.42283292589296	59.0636630975723	-1.71389527294505	0.991061218512667	-3.44515220682613
K01916	140.887880446633	471.028397431659	-1.72824593292221	0.991057205935719	-1.74126652738993
K11733	91.9586631356501	286.704990921123	-1.714134305585	0.991056284894929	-1.64050962113202
K03100	2577.97250643997	1315.27069235666	1.89286203724565	0.991042207857344	0.970877130430235
K01686	2307.72327061637	1155.74813507224	1.91142189934102	0.991022197414352	0.997643199734944
K07749	575.726832395381	261.591075745031	1.91036524533698	0.99098667168943	1.13807112852517
K02959	664.309762961991	1011.67834731884	-1.71872717726938	0.990984400619498	-0.606822650839184
K15581	111.422673615026	261.201781428372	-1.72352871372542	0.990978109802801	-1.22912189692389
K02027	352.048452549676	133.502513290959	1.90656198289587	0.990891222866696	1.39890709909293
K02243	121.504010898347	337.213027418922	-1.5640635403372	0.990798520468701	-1.4726563338442
K26993	49.0272347624719	166.411137559266	-1.56368221756154	0.990712342980218	-1.76309669531347
K01893	710.930047695097	1008.51286595597	-1.6545415682085	0.990652627815283	-0.504449971773681
K07603	1.64679966561545	24.9850090115211	-1.5633453077985	0.990634452071678	-3.92332577247737
K26404	58.5967411534037	8.36930735651983	1.82480225413454	0.990562074550606	2.80764029621328
K09951	8.31549496417485	46.6150684755792	-1.60904726421767	0.990295215799476	-2.48692234134508
K19267	2.19193343007899	21.390098953873	-1.64968730284159	0.990171591911406	-3.28666726781271
K03283	50.7292640694259	6.8735972130632	1.82296217278024	0.989999164875213	2.88368101281119
K01256	79.1758505715979	295.318629287907	-1.6118379836376	0.989976081484873	-1.89914000136514
K05364	75.4344445637005	189.609676768542	-1.61250666652496	0.989903325313324	-1.32973725786358
K07097	1.54205644306336	14.3591769897885	-1.64696205844191	0.989886181176464	-3.2190455845361
K01892	796.805983670048	1185.35142488228	-1.56015537160907	0.98985909149697	-0.57301445631888
K03759	3.02582664293195	22.7564527730734	-1.61372163872371	0.989778055775908	-2.91087445148971
K10213	17.314603535408	101.984656628578	-1.64538073208634	0.989724295017569	-2.55829085953996
K00198	483.540157208138	854.718341075478	-1.6448015348326	0.989666388034962	-0.821813372850633
K03529	116.270129835584	294.302846025267	-1.61506330509912	0.989647404206259	-1.3398209822907
K13292	191.787478953396	421.380567954081	-1.64387379700654	0.989576111707997	-1.13561524995752
K19423	2.23948104876939	13.6445978170525	-1.55870000845228	0.989487105114301	-2.60709350811694
K26212	2.11705615290399	18.0115820598346	-1.55795583656583	0.989294417678099	-3.08879346585035
K13727	0.526719697179791	3.97109761669849	-1.64020103394002	0.989258273999058	-2.91443050877385
K02469	2407.04307282724	3928.47669949342	-1.55775811685369	0.989242861863501	-0.706708045202748
K13048	79.7595739176899	219.404027631195	-1.62035114790368	0.989215801238264	-1.45986040187208
K02315	51.6780637798723	130.423856307816	-1.62089117252412	0.989179435927394	-1.33558385961404
K22394	12.4827669747347	172.366046652976	-1.6212110764234	0.989160324787438	-3.78746594692695
K03319	1.66086969608924	37.8301873769821	-1.62146495366169	0.989145134425275	-4.50952712634419
K02372	5.31883719240079	32.325600831905	-1.63558182363298	0.988979277147309	-2.60349440308176
K00526	91.8752448921785	281.783379601559	-1.634953770188	0.988954666763868	-1.61683842439472
K01775	421.808044681199	902.554762329192	-1.62569094026344	0.988941735740851	-1.09742785955703
K06958	666.128394458658	1496.28200696128	-1.62692453545466	0.988907585089	-1.1675099233761
K03568	443.424877606249	193.664808174218	1.81892431624683	0.988729554342373	1.19512789421165
K21304	11.8080321270414	60.0965421841264	-1.55462096285843	0.988417759115831	-2.34751343222249
K03648	239.626071296326	415.623485241578	-1.55236613613918	0.987820174147714	-0.794492295779169
K01845	271.717239229222	141.287118673302	1.81436899964634	0.987360859607094	0.943476161613666
K03095	41.8328621846454	5.33573239561013	1.81201889211565	0.986735600438742	2.97087849228548
K09972	5.13199447720487	39.4613867652851	-1.54750988718029	0.986557069772867	-2.9428501336402
K21961	240.860431121268	58.2303103117492	1.77444014739826	0.985893611243119	2.0483551930538
K03565	14.2603482916977	62.4951206265497	-1.54482633244011	0.985889472155357	-2.13173433592454
K20108	764.34696097477	416.103436275524	1.77232819671342	0.985819704879674	0.877285468780684
K10984	665.95820711134	298.608667400362	1.77140416267052	0.985776337082152	1.15717560065906
K16212	405.700706322769	183.997309795713	1.78816986605347	0.985529506326978	1.14073114131866
K09013	635.357690700971	258.206353560177	1.78959877332637	0.985432373193704	1.29904452151331
K07010	154.2546123612	50.8975208007339	1.7947967511419	0.985121349506556	1.59964633800091
K25130	74.8234943411784	9.53926591361391	1.7579157379833	0.984766822106328	2.9715411887388
K02919	30.4529484897938	85.3362499151161	-1.5396912910731	0.984713892241392	-1.48657679467802
K25072	340.291772409294	147.547775473518	1.7557006107198	0.984578711676443	1.20559010025244
K16962	71.163958474373	11.7335279242969	1.75510080117845	0.984528059710054	2.60050990806965
K11074	81.9091296749447	23.1579743563223	1.75368492829485	0.984409458469358	1.82251519975092
K02996	802.456718759179	1202.9272089114	-1.53801297182552	0.984364799535204	-0.584053858961121
K02886	2611.06081268514	4178.33523176509	-1.53728113430167	0.984220816511362	-0.678292186822843
K01519	117.231973380524	367.095077279221	-1.53698936131268	0.984163446329932	-1.64678766980714
K17686	3077.3441875033	2066.79648517469	1.7489956355166	0.984024072326245	0.574289476424849
K01497	10.4151498764513	1.17718438688632	1.74788216464247	0.983933522536447	3.14527138222563
K10040	8.45107425570519	41.5116574790979	-1.53510720880946	0.983810480261997	-2.29630989117552
K00548	756.11426664779	512.902539017459	1.74434195804725	0.983643714321221	0.559919562977005
K05601	371.239437109685	184.954164420933	1.74404065708838	0.983618702654987	1.00518219294431
K01956	145.410615331093	308.458702565916	-1.5333348924253	0.983503589538593	-1.0849447563201
K07258	161.784219620503	289.63814662856	-1.5328522959036	0.983425372019838	-0.840180729639297
K02956	335.125313044028	523.433152884286	-1.53255035864108	0.983377780487083	-0.643304641958407
K00876	267.671774081735	573.915025041018	-1.53133758082466	0.983188702154152	-1.10037212933301
K00600	826.785143039758	1510.17271276479	-1.52915993528075	0.982882627794754	-0.869129185061128
K07650	194.210124491341	74.2199723770014	1.7317901585889	0.98244281798318	1.38773904355936
K16786	371.123874949789	190.64286550925	1.72931715069493	0.982142424137258	0.961028273111931
K23060	166.159579063234	369.826161328	-1.52047967171498	0.981994556923624	-1.1542778174382
K16235	112.794754340886	547.585739036047	-1.51948688187591	0.981919673860126	-2.27938489949609
K07571	6.01602372576176	36.8303277182398	-1.5148866261273	0.981620759177097	-2.61401207268862
K03590	113.846721398253	357.600131145505	-1.51324394144873	0.98152601896897	-1.65125452082709
K02904	24.5035044192283	80.4740626497722	-1.51290858884006	0.981506954448769	-1.71553577350716
K01776	477.858621570267	800.493912477372	-1.51266264564686	0.981493424724209	-0.744306583446752
K01281	89.6684054341011	280.732867142011	-1.51163995040342	0.981437159971942	-1.64652633126562
K02994	505.781288939111	937.405894740561	-1.51103905288811	0.981404441841798	-0.890160200631211
K18940	4.26777478048116	27.6782385181571	-1.50876866444023	0.981283422943471	-2.69719618155495
K01598	1.94395398078451	16.7482372948292	-1.50641017037129	0.981160523001869	-3.10694329239275
K24119	294.106815414764	781.218475468991	-1.50319079168916	0.980998456787675	-1.40938585215846
K03569	543.091739471003	1164.30269343772	-1.50287522127585	0.980982823939336	-1.10019835154247
K04108	110.105159741661	235.411949050965	-1.48350252624213	0.980426095370449	-1.0963054726403
K01921	979.663268435526	1575.42586049605	-1.47239356330028	0.980152620736295	-0.685384008865487
K01261	1.86975192549763	20.0249728272562	-1.47225313938712	0.980145702535022	-3.42088151060836
K06382	20.5691503828554	62.4597197124465	-1.46752849229929	0.979873150275793	-1.60244389130261
K03629	332.755180380282	599.97340911513	-1.46644092698582	0.979794579664103	-0.850437435346509
K07180	25.4882517165464	3.05961802914041	1.71399713901448	0.979616893546084	3.05840896041232
K03536	138.682080663492	282.855998860021	-1.46031528168164	0.979294151097882	-1.02828638149923
K09787	19.1702708217069	60.4708243963094	-1.45909717550151	0.97918849900469	-1.65736852897628
K03609	82.9513247312274	180.097240851567	-1.45804106538922	0.979098275627381	-1.11843915256251
K07636	652.079061291209	915.908779420173	-1.45744166823769	0.979047083607565	-0.490157024703541
K08300	131.51335603898	279.100894330527	-1.45602487070867	0.978930384258624	-1.08557742523013
K02358	9169.76301834449	11245.2800299418	-1.4234000144625	0.978729558982609	-0.294363232880628
K09157	827.482128276663	1267.90674285994	-1.43076895779054	0.978724189068534	-0.615648577749507
K01839	1053.75523225722	2960.286901975	-1.42277476954251	0.978694869991022	-1.49019720956974
K07456	925.127627572484	1298.726792239	-1.43181105043741	0.978686628221765	-0.489373654993736
K01478	628.477516335342	965.614428173388	-1.42236866202393	0.97867234323391	-0.619586099521536
K11184	12.6569885872173	43.5828210639518	-1.42136425266547	0.978594907176086	-1.78382539088684
K07568	714.60850400636	1029.9724636303	-1.42119038695429	0.978579770096409	-0.527380779851484
K00094	17.9914912822501	67.7002695877727	-1.45001078587347	0.978527697069111	-1.91184680480177
K03177	257.646900261913	418.571155949455	-1.41973757108711	0.978429589525637	-0.700077662230408
K23876	386.863362330016	587.775270147782	-1.44073148356254	0.978377301835467	-0.603440555162215
K07402	90.7689052971359	201.888889825288	-1.44365466043316	0.978355553724541	-1.1532914564698
K07533	52.0102752379735	139.09834823441	-1.41849827466854	0.978268274377895	-1.41923671046342
K02863	5814.1079546391	7566.99079969956	-1.41791785705642	0.978174563342294	-0.380161831777083
K09814	6.06910470969439	56.5152152859919	-1.41738854933147	0.978089116795194	-3.21908371218413
K14194	144.042064183619	42.4041738692057	1.66503553846448	0.978028069986752	1.76421199695775
K01342	8.41965234899975	0.959466685973038	1.67047666727789	0.977711439036502	3.13345604502336
K02984	10.6476382642594	0.998924195356189	1.65568907802342	0.977614727749788	3.41401445240545
K00937	1834.81270899996	1273.63840428316	1.65490117287031	0.977505668675797	0.526677061994699
K02111	4736.95305204308	3436.2285291915	1.67282494958845	0.977499151698316	0.463133386153122
K01200	757.976559409186	443.015656536759	1.67375234968282	0.977406809137277	0.774795547719061
K00847	188.269888067999	83.9210155031308	1.67492609984082	0.97728763056778	1.16569823264974
K07137	604.3295741433	384.03384600131	1.67496665568715	0.977283440903013	0.654102079701859
K00547	0.846794041873108	6.88766758740887	-1.41351353191137	0.977232176564181	-3.02393249352301
K02986	3654.46606672389	4624.45794119929	-1.41311524565237	0.977117637987279	-0.339623631517592
K01790	441.880025775475	267.049917428834	1.67758176463139	0.977013176414226	0.726545280528021
K07588	695.873421684977	107.903225463438	1.69938096675958	0.976954480266325	2.6890869151278
K04770	18.3458389860414	2.97468631735725	1.69937676968554	0.976953948747509	2.6246434345572
K10773	499.670944109608	292.834179244095	1.67828270902384	0.976942913575002	0.77089437468913
K18707	1365.79285005145	937.47831112515	1.69906633438544	0.976914649131089	0.542881467746529
K00024	917.552530312175	370.865972841399	1.69808475431937	0.976790567464477	1.30689284944394
K02819	165.042936159959	56.5137169430501	1.65052998590379	0.976725454502044	1.5461684081225
K07964	318.697679434959	132.686657289582	1.69692687572997	0.976665648351996	1.2641652109017
K05816	284.525297063786	112.824534483041	1.69493656946952	0.976485153608104	1.33447610187747
K03545	8718.59949590397	5570.52541784336	1.68513847244168	0.976390151944345	0.646282997137629
K03525	829.36480487256	522.357376002456	1.69227051835437	0.976330670367136	0.666969647205656
K12132	998.550862477345	616.078547010609	1.68697492976797	0.976313720260745	0.696721615845834
K03588	92.6786945753163	181.888609191544	-1.40521656644609	0.97420065040457	-0.972745568375181
K11251	4.37124438322781	0.619504465200003	1.63813348082734	0.973144874390227	2.81885745112882
K07704	45.9274402978233	118.481324470706	-1.40262777485792	0.973013574756943	-1.36723138902228
K18126	9.07732877247336	1.06102424847569	1.63699057274275	0.97278625978826	3.09681018368038
K03526	1553.28819468362	1144.6521572414	1.59752825136167	0.972176516725102	0.440416278595411
K13993	1327.66331363132	570.478201079982	1.60060179786943	0.972155713514645	1.21864567053068
K08302	38.5457957006774	105.131747588954	-1.40019717420942	0.971865287803727	-1.44755298383065
K11535	172.329510246905	17.4054172909879	1.59287427065765	0.971773248472119	3.30756146647101
K06907	25.3922263574234	1.1208654345129	1.59052224916099	0.971365029642147	4.50170190324311
K16795	0.807507002678522	7.03905204186636	-1.39864180748263	0.971132152698672	-3.12383447637407
K19703	6.16797713222218	0.712254905118723	1.6309236180575	0.971116281673402	3.1143318592999
K07586	3.03744053761756	23.1226802904749	-1.3984531710966	0.97104357557404	-2.92838056786421
K24139	6.67279573019305	0.745209133185552	1.61283271533417	0.970671202492848	3.16257407929206
K02991	19.2193151005654	1.72283978380959	1.6278974389595	0.970522790370954	3.47969647625512
K17758	1.65525364336681	12.2401990018198	-1.39717468211479	0.97045755740581	-2.88650280267509
K09553	6.24608840496061	0.733589724881911	1.626906801777	0.970369861760569	3.08990765201136
K06185	290.752221144884	81.196676961499	1.6154428546442	0.970331079124979	1.84029762263722
K03491	345.204344860144	133.613525071221	1.62503565333483	0.970153769640447	1.36938457042078
K03574	44.1349854668714	105.089135520844	-1.39627564729841	0.970055879048652	-1.25161889842048
K21474	3.30845286110684	17.3046250209699	-1.34702351548465	0.969539293819777	-2.3869290503871
K01258	831.374101287761	1210.42491682761	-1.34747136444939	0.969528535595704	-0.54194387974598
K10039	66.865320744793	177.198222777772	-1.34772485056727	0.969522446931243	-1.40603406862046
K00088	1335.16142205816	1738.4153527518	-1.33791045743653	0.969497926198097	-0.380758645382515
K04487	641.839396065359	905.981358301292	-1.34897668432851	0.969482851019373	-0.497269020446955
K08217	511.206614715784	793.396941391349	-1.35097517676205	0.96940399999811	-0.634136331750119
K20074	66.1499145828826	158.229158003572	-1.39459332537529	0.96933488822099	-1.25820428119044
K03480	0.743655359576907	3.61161538919511	-1.33221677011433	0.969113301375195	-2.27993818723824
K03040	4680.70780359609	6397.21714577449	-1.33220617557303	0.969112228257564	-0.450717747996753
K00962	2410.26828318281	2940.19472236578	-1.33189989230844	0.969081206803852	-0.286717965099992
K16200	69.3493274787973	161.064245331153	-1.35633488695813	0.969062746127298	-1.21568246849501
K25031	49.7445826588788	164.601392678949	-1.36082582419709	0.968603590924972	-1.72636521702906
K25314	49.0148357790617	119.005386178073	-1.32715310232157	0.968459397990036	-1.27973647686956
K00694	324.120059597122	170.687024092813	1.5787012303846	0.967704238935949	0.925174924460309
K07173	318.18559508642	508.990923653641	-1.36794123346255	0.967584193001374	-0.677771406947087
K02902	385.531248085194	595.592872676729	-1.36905186267572	0.967408433267043	-0.627478691400639
K08314	80.5297073983618	22.0349758745066	1.57746921255838	0.967228254718298	1.86972577437764
K03977	3047.29173202559	4890.71510351218	-1.38675802538578	0.966860294179698	-0.682517803665634
K09748	123.166127987035	304.296848956122	-1.37387193361821	0.966700288837713	-1.30487384069556
K23675	121.456407557696	247.784148674161	-1.31824940947555	0.966571500897842	-1.02864529504537
K11176	3.35467662397197	16.991672046082	-1.3755017014639	0.966511758973897	-2.34058221746273
K03060	4.82396280101006	28.7904855890768	-1.38335965040921	0.966371442740914	-2.57730143468987
K01482	1.90515339951649	8.66111318721855	-1.37707556120892	0.96636890278046	-2.18464529658978
K00616	371.401655701816	613.250560783024	-1.31699732859802	0.966242152239066	-0.723496401250782
K03799	279.861193851529	597.010706028909	-1.31468250796944	0.965601201735972	-1.09304534956001
K02757	433.379100904014	226.473481696293	1.57002812558853	0.964287915668186	0.936287451513006
K01751	237.717691053937	394.695537220056	-1.30983289619682	0.964147644570698	-0.7314909336578
K00806	739.562419073131	990.456976120535	-1.30968379739548	0.96410126401617	-0.421422392158226
K02431	34.2892604197926	85.6625633943851	-1.30636538519599	0.963039520579504	-1.32090806222628
K09121	287.379939079658	139.883912890052	1.49633273492409	0.962725449429041	1.03872929878828
K10844	10.1738747191801	33.6268403396696	-1.30467612919984	0.962483031290373	-1.72474399195647
K02114	186.143360776658	80.0025382855836	1.49253557980508	0.962280355494144	1.21829648109354
K21960	300.063608717551	133.358390941444	1.56442803442865	0.962135269240042	1.1699597591105
K08176	48.2916024941629	5.72892309969757	1.49112190407017	0.961967215792371	3.07543646079421
K22836	5.25533533880348	0.698692371652476	1.50519914579753	0.961752411124581	2.91105353028333
K00059	543.35012305389	345.052724385128	1.56267954157133	0.961484458256598	0.655065315211996
K02123	327.517412088944	504.980367641395	-1.30121603750233	0.961314599652199	-0.624655692700726
K09693	135.410875231243	44.1516585274348	1.56208937581698	0.961267488190933	1.61680407261864
K01425	667.513210914443	282.501932098338	1.33410637766452	0.960247549869123	1.24053565530886
K10563	232.393742411099	118.420840715284	1.33508262236278	0.960243825723918	0.972648221137772
K07770	63.8952205862613	20.1390374973556	1.33648071815111	0.960231707161401	1.6657132860238
K07481	156.206725514916	66.2323693514828	1.33692300324033	0.960225598354939	1.23784819611675
K09825	402.028209643268	653.183403916993	-1.29801815730063	0.960205923808817	-0.700191398931282
K14753	12.625895676309	1.73078429811325	1.33094081202818	0.960205705741844	2.86688789300177
K08712	4.10768153099168	0.726192845661412	1.33072005464559	0.960199426219721	2.49989971156967
K23039	2.75562263005371	0.598030587858401	1.33927426186457	0.960180556134269	2.20408714918352
K18941	271.349474407821	153.82351369537	1.33018600750767	0.960180326802065	0.818876061538423
K01571	76.6450036684902	16.0784944869578	1.34018959260685	0.96015706677101	2.25305942279857
K02998	9.01093802949433	1.30536460147987	1.32931074034838	0.960149200005256	2.78722447460877
K26318	138.901875784381	57.9320676005113	1.51060391283502	0.960089889583964	1.26163202120764
K00728	5.52362641723138	1.0278563884637	1.34385899141977	0.960048490820125	2.42597704218379
K02964	10.3798759474658	1.43734421407423	1.34434680448967	0.960032805542637	2.85231169801385
K09464	6.58449775091803	1.08053280485577	1.34511340530288	0.960007166821389	2.60733052657229
K07447	165.766516746551	320.471410367442	-1.10589911603899	0.959986573765393	-0.951043032419095
K21275	0.57456780738646	3.29621602730743	-1.11733597782519	0.959976042024906	-2.52026172982334
K00260	14.5232407698315	0.865471980437471	1.34875065000641	0.959879439947158	4.06873249410541
K07304	602.545653523494	370.87120719597	1.34907752587582	0.959867494019002	0.700152287517738
K10943	1.88543626270581	12.8093694680245	-1.10456881478177	0.959857667476685	-2.76422917578641
K19108	69.7997710218965	127.292991673444	-1.10387485761634	0.959785505596444	-0.866858782664843
K02838	144.513648928822	288.653712812385	-1.29680340577577	0.959778737442825	-0.998134024289095
K03436	96.2495763106027	27.0011496276555	1.35191792167964	0.959756703611448	1.83375935578891
K09698	661.58976227426	1032.23182390477	-1.11994023798956	0.959704877103116	-0.641758200076249
K09510	3.48651537830031	0.653873306786997	1.32284135624859	0.95962536915474	2.41470281092492
K12992	18.7089256624095	51.7660360531057	-1.10186757333321	0.959509529675102	-1.46827913316866
K10003	0.824794297793239	3.25306328241829	-1.12196366015489	0.959430539474084	-1.97969262385906
K26605	303.922163916669	164.292913343044	1.3588115995754	0.959410574587615	0.887431637083015
K19420	19.8255968454475	51.6786842673087	-1.12233666491445	0.959376123850318	-1.38220504105264
K02800	48.8261501714401	15.4958729476175	1.3596468599831	0.959357726607792	1.65576999902039
K00133	401.432621719772	632.30557328037	-1.1231851906126	0.959234370231336	-0.655464076246165
K06200	299.792499895397	173.725103896908	1.36163654662575	0.959215870292632	0.787158047204387
K00854	458.889269845435	632.643126920265	-1.09989145026413	0.95917036996978	-0.463245834129932
K01934	295.538469958229	170.792597994842	1.36230972539435	0.959163759137646	0.7911004857077
K01318	305.439923659915	154.071903013691	1.36235386320987	0.959160332461553	0.987284855367929
K02108	305.826549564084	434.736141445433	-1.12367211118842	0.959152323816564	-0.507426381830098
K00661	9.32909504156484	30.1676386199088	-1.09978934874659	0.959150728253174	-1.69319272760133
K01885	1860.05880287618	1339.85286872666	1.3626396510202	0.959138115356569	0.473273645769191
K03501	134.433031271523	223.54807659517	-1.09904280385025	0.959007605576128	-0.73369746961466
K00903	173.216234475204	280.88073770795	-1.09868800505667	0.958936738017776	-0.697383539252797
K18534	0.801506730151419	2.98447402164766	-1.09845462501974	0.958884044328767	-1.89669015623174
K02987	31.9557068732299	3.77767429478611	1.55524478859375	0.958837216646964	3.08050337545984
K02014	108.5634702334	41.3907934555567	1.36610639888193	0.958823063074993	1.39115693217867
K25674	194.367616378669	299.438980532565	-1.09810891551582	0.958806167983476	-0.623474170270118
K03515	3.56560160439973	0.543223293087962	1.5550782674347	0.958779980736819	2.71452826731023
K06894	118.612245365342	204.762220318704	-1.09732740452035	0.958630906920687	-0.787696595818723
K02110	154.398207011884	68.1420836109628	1.36796551265931	0.958626518872823	1.18003803189051
K00763	613.740904137566	913.283016101145	-1.09717920430671	0.958597794002211	-0.57343226608639
K11746	35.4674159240836	6.46928620869253	1.36830813292163	0.958587206604323	2.45481577682459
K00003	77.3914531371822	132.771764520795	-1.12716360084356	0.958455135826106	-0.77870221952817
K02914	12.481184626005	32.4168139120763	-1.09641984960639	0.958407635429895	-1.37698743134457
K02960	5.07031877238558	0.80583427071238	1.37045474953575	0.95833262350859	2.65352138554497
K09490	21.3264858497301	2.31991783174703	1.51541013715409	0.958305189227021	3.2005006467475
K02930	21.6245555104291	3.00177114531452	1.37086231978087	0.958282248752096	2.84878458330834
K09761	29.1453241764265	66.2000500028847	-1.09572281979604	0.958231604615385	-1.18356785826038
K01966	453.424350195127	590.586894061355	-1.09552456070367	0.958181709096265	-0.381287471389028
K01449	8.03559697208237	21.6879864030201	-1.09538559157393	0.9581459893083	-1.43241900164055
K01903	190.879904484728	14.5990123069128	1.55300364258491	0.958081965884146	3.70872255393724
K01577	2376.54852803599	1246.19827602826	1.51602263839716	0.958073464826513	0.931334234899777
K13694	41.7077097361781	107.640327024808	-1.09470950234668	0.957954283212772	-1.36783268128945
K13684	44.665098464685	95.6435498875422	-1.12989198665308	0.95779391100784	-1.09851973545357
K03756	76.5703039995487	23.0389319784143	1.37607164350328	0.9575781187284	1.73271114615895
K02567	150.399531833538	53.1357037474087	1.55117351820226	0.957486857222511	1.50104658668244
K11661	16.1960156355676	2.15805937132536	1.37768304494893	0.957347951321246	2.90783247979402
K02985	5.09617002055167	0.690644365067157	1.55038124523971	0.957237079639572	2.8833984932063
K00945	258.709214924201	442.603135848113	-1.09216490702484	0.957193168949139	-0.774682230612244
K27188	22.7459471958266	62.0011206644951	-1.13230833987111	0.95713549269321	-1.44668477914985
K00887	4.32608726125335	21.3237469698995	-1.28935661662604	0.957121026035626	-2.30132629688878
K02190	114.816071829714	44.1262715570234	1.37927049605633	0.957120864067094	1.37961484577656
K12411	7.7411282607178	0.793567487094254	1.51895186024167	0.957002954501962	3.28611902884854
K03438	1576.59439725911	1190.98544222582	1.38134787130487	0.956827706272589	0.404655773942163
K05836	2.1484201454308	11.1991954893847	-1.09099767728797	0.956807178970624	-2.38204703816453
K09554	3.0012149255899	0.501200485257142	1.54867980669974	0.956716545204169	2.58208692158087
K03331	2.73836864656542	10.9070890565308	-1.13374554780622	0.956712831583417	-1.99387753442785
K10017	1.20371245305806	5.12486082017431	-1.09068433669939	0.956703241648266	-2.09002202742413
K13059	95.209844334389	189.68053499747	-1.28772142844681	0.956535200949658	-0.994388981569332
K03809	3.67471059751859	0.533813678083925	1.52033742221863	0.956528988923471	2.78322245700341
K03581	458.17891767691	322.18490621531	1.30617077293196	0.956480290545839	0.508022169059027
K04031	21.0742036723109	50.8038932568039	-1.13471409744786	0.956417534843742	-1.26946094203925
K18285	21.8004303671659	1.51308723960232	1.27149618550903	0.956381365810957	3.84878953976194
K19955	326.948855243571	203.60789973928	1.27078512409269	0.956361843220744	0.683271434624012
K01447	124.671412307269	53.0590186572157	1.27068460881118	0.95635909115381	1.23246078905346
K02925	17.4149083885139	2.68784911535641	1.27468887745994	0.956355390707067	2.69579882500006
K02962	4.02309938806387	0.75633902766661	1.27496080963233	0.956347658725202	2.4112024091424
K10108	4.60950828777465	0.855183494449386	1.27530014655681	0.95633732193131	2.43030694801561
K06665	6.83810526138811	1.25796081665198	1.2753098297787	0.956336821502383	2.44250964544953
K02865	16.882365670771	2.12814379625115	1.38518687934972	0.956328453599446	2.9878495378502
K14261	10.2559777595563	1.85689161375222	1.26914706203702	0.956285937041957	2.46550352540375
K03046	8849.04386079762	6740.64099145243	1.26895886553535	0.956275378246347	0.392635791497901
K02995	17.594420411811	2.98332426322574	1.27672571832254	0.95626327638078	2.56012528960699
K02976	12.1664645157015	1.85056795407804	1.26744247329158	0.956156992589699	2.71686997404236
K00313	355.525416496115	115.653787753361	1.26719577917785	0.956135724234625	1.62014018557972
K27684	114.119018843151	194.157904115405	-1.13564640575943	0.956126701196046	-0.766691191884117
K02974	6.82498038992363	1.11583214241369	1.27900280234247	0.956101267297718	2.61270488572116
K02934	5.08965255018062	0.780179920089289	1.38724578764029	0.956095050655642	2.70568840022283
K26046	6.98879122855914	1.06392535219001	1.26659346409384	0.956075686672726	2.71564601958521
K01464	4.8059631240928	17.9357803313568	-1.08881508419196	0.956047023411049	-1.89994303004446
K25678	35.1806452713712	90.815170595496	-1.08877414158191	0.956032557285943	-1.36815137413156
K23237	39.5136649825122	11.4723956767621	1.30348733699036	0.955991865660105	1.78418497798863
K03785	445.781293660974	252.825046644024	1.30314216830188	0.955935644581063	0.818196683787647
K07260	214.30953710142	116.560611817615	1.28132811629155	0.955895701197801	0.878615698444442
K08150	6.27138054902439	0.918605941687473	1.26490464157387	0.955870856094851	2.77126504507496
K11693	161.506170366517	77.1896466172097	1.26487797471766	0.955867020276747	1.06511002624189
K15024	66.8955919804399	122.705788643508	-1.08818258106194	0.955814830844388	-0.875220255586766
K23684	126.45330960378	44.6920644545827	1.39054827524907	0.95578461387209	1.50051420287824
K23144	155.57180366486	68.9910091594963	1.39062055800302	0.955778848824287	1.17310033666419
K01989	664.179441832932	413.760022091658	1.30215440002713	0.955776950333844	0.68277881089153
K27388	6.48876478478258	0.971150230342982	1.30202904256135	0.955759699638838	2.74017747668846
K01151	808.201384159572	533.580134703912	1.39115078889384	0.955736443454819	0.59900986664867
K02953	3.91956775837849	0.731258623126748	1.30184386840005	0.95573424909361	2.42224092845921
K17275	4.08653177977104	0.764875141812515	1.30175784289407	0.955722438470586	2.41758078732069
K18748	9.08868150541513	1.21590138971442	1.30096037310657	0.95561333765483	2.90204478775162
K06189	144.443227713503	67.0219872182509	1.30075672649783	0.955585588088605	1.10779619552564
K09775	208.117075530179	109.181576346204	1.39406911572269	0.955551092935709	0.930665908010343
K01696	216.71070130728	466.272966324692	-1.13762931653381	0.955488239921933	-1.10540439085996
K16921	290.760107704649	159.0934743639	1.39552036858859	0.955482829598695	0.869954684070907
K00831	1125.34156712	742.214562998326	1.54408422793208	0.955469296499099	0.6004547455718
K00297	79.6083235749428	152.317096120859	-1.13787350444637	0.955407997067628	-0.93608669243469
K07003	4.20146231060105	0.69252175792536	1.39990449676156	0.955346852502562	2.6009602382776
K00980	107.73628617975	43.2164550660683	1.40134072360541	0.955315167881898	1.31785159780987
K20241	3.08759934423403	0.642531523011285	1.29812137810034	0.955306729932482	2.26464641579042
K05606	78.0860400005776	24.1412877289246	1.47593981091463	0.955285698579477	1.69356201706748
K02973	4.3449754316839	0.693225125814577	1.40436034512542	0.955236801789605	2.64795216868966
K02921	12.5021287427962	1.73975819812587	1.40498126591673	0.955217306358744	2.84521505326491
K00874	588.214832930048	389.857455936287	1.2959490435135	0.955163872054355	0.593396438906234
K00076	94.9336577510111	33.1457050019798	1.29490104600989	0.955125038805336	1.51809773161234
K07273	523.728779990384	308.39365544656	1.2919333099354	0.955112366444702	0.764046800941574
K00815	3.39610104250067	0.708722351507036	1.2929638155237	0.955102371203707	2.26058692909585
K08170	55.5841178453525	14.3015366480211	1.2930726460493	0.955101779069797	1.95850255020064
K03032	2.88424773564335	0.594545669064293	1.25990873541627	0.955018581913201	2.27833554915512
K13290	490.166335082041	288.21202193071	1.54153294059809	0.954909376282315	0.766140887828544
K01766	191.361502317977	76.5813410989028	1.41043457902079	0.954869288680289	1.32123579071152
K07665	228.137783197494	111.925092785024	1.54095665093962	0.954802481715376	1.02737188515463
K01631	56.9340206024755	9.6051713416911	1.54075765552491	0.954768520267433	2.5674077297476
K12732	3.25863005222678	0.543592264380771	1.411696844167	0.954734748989128	2.58366874318191
K02441	70.7721236549162	23.65905037633	1.25827883436394	0.954679883852081	1.58078904266546
K22721	1.76031207501357	0.461819685647013	1.25819350510938	0.954661110787033	1.93042964192719
K02912	4.0679486520617	0.611575652012506	1.54005921835081	0.954649371638034	2.73369859227445
K07491	1166.04886195615	847.851967526751	1.5275357353907	0.954644521920765	0.45974394275136
K01752	625.435635788401	415.048447130905	1.25801352641158	0.954621545437449	0.591581675873373
K02006	94.258249445672	33.7380388863928	1.41281552711689	0.954583170585853	1.48224277246026
K03234	18.6303507111502	2.55255910155685	1.25765754563378	0.95454341372776	2.86763856232723
K00057	688.836516867502	471.018447959443	1.4131318852992	0.954540004182799	0.548378059774276
K02932	6.49683232006923	1.02748745009688	1.25728754403132	0.954462379912568	2.66061569774449
K03522	203.461749602425	94.2594662055239	1.52911649389353	0.954404705284774	1.1100481797729
K22605	414.430497530146	274.205272384507	1.25623226118885	0.954227764370345	0.595873862088487
K16170	8.30913629728845	23.1899073774316	-1.08381030252006	0.954159605925825	-1.48072663043268
K01938	2209.43422811152	2810.83117205573	-1.14163892875831	0.954151545399012	-0.347319818578194
K09580	21.9592404972478	2.90071268912759	1.53231425455936	0.954133302646178	2.92034884568272
K01193	561.679630496121	287.996179503699	1.53411866367023	0.954109744116701	0.963697810728404
K06411	27.7654973992484	5.93063833392351	1.41589599462899	0.954055316525023	2.2270339408142
K07714	252.698523520697	436.115565747584	-1.14203103214971	0.954019551937942	-0.787293248856716
K23545	28.6797549710619	97.0994024242793	-1.28041625224312	0.953949757411472	-1.75942971868646
K01734	70.9868713256541	143.993916880983	-1.28034131824064	0.95392363606651	-1.02038373032604
K22337	6.73887530501484	1.0918150481547	1.25482333321167	0.953909705607562	2.62577934412329
K12574	1865.78188783234	2553.37018118348	-1.14280723693429	0.953759178885986	-0.452622367959584
K02940	4.57489356356827	0.855076738164365	1.2533600344213	0.953577675610661	2.41961237459269
K15665	2.09070937810646	0.535755091969684	1.25278990085895	0.95344991021739	1.96434697021712
K16261	23.6899800695776	3.85181727783697	1.25168931309909	0.953204475780993	2.62066581335763
K02760	25.7896175070491	98.6464541619823	-1.0811965373249	0.953167825341882	-1.93547681805936
K10355	3.32805265927858	0.537752621465986	1.47194195242662	0.953086218583077	2.62966370350001
K15583	191.014033834518	285.495124123219	-1.08089262427132	0.953054789963861	-0.579787469274901
K02872	4.31609037691185	0.799900604063669	1.25072694898715	0.952996604160473	2.43183242805508
K05847	26.5223153776181	62.4737829655888	-1.14534059694596	0.952925720409547	-1.23604416473491
K25641	35.582871296697	99.9753863190698	-1.08044712830889	0.952889477764094	-1.49039001980423
K27264	42.0570415181059	87.1915940959428	-1.14556660905275	0.952851859881982	-1.05184168744143
K19883	2.69870976827498	8.63413484542335	-1.07985122848032	0.952674040685628	-1.67778179351696
K03650	1096.09044612141	1554.18891712013	-1.07971331660915	0.952624835324197	-0.503795028941159
K00161	8.14589122841105	44.9121487826438	-1.07962572632194	0.952593605269677	-2.46296129289286
K03086	1400.21126047392	1015.92627969054	1.24825521734688	0.952489541722828	0.46284879663251
K22133	5.47006323347817	1.06573342437414	1.24714560323581	0.952282585173304	2.35971089367989
K03531	1317.49304377236	929.78345712292	1.4230393790087	0.952116142976147	0.502828682097093
K24950	7.16834353734806	22.2628305086167	-1.20562202102296	0.952013296766608	-1.63492534517414
K02072	140.433087562146	56.1276883595444	1.42371338779018	0.951889152076363	1.32309834264313
K00917	26.2981123528124	70.7022410097313	-1.20959290234115	0.951864869748513	-1.42679669576227
K03388	71.5878047351807	146.643707545816	-1.14886572598349	0.951830248003845	-1.03452942190283
K02343	583.253242876167	865.844431773019	-1.21092255900818	0.95172932780961	-0.569985412368636
K01950	475.129364354824	301.85953174294	1.46935586194171	0.95171023513541	0.654443014697121
K06974	4.27806072852966	0.529811088473664	1.2435408828973	0.951701394052872	3.01340701873903
K02882	24.9790178530269	4.362458530619	1.20784467189725	0.951684790540982	2.51750343061912
K03576	56.1580663243733	14.000436661268	1.24322814162732	0.951657096651895	2.00402143630902
K01586	483.022520918591	322.21736381843	1.20270149867284	0.951631307920953	0.584056215419305
K26365	6.58177253231744	1.3690614079726	1.2106966727215	0.951627756667458	2.26528900863961
K08591	210.329102348522	118.150961392846	1.2024649486501	0.951620965144966	0.832017114943213
K15771	214.120114100821	98.9285987182101	1.24275910594119	0.951598527393197	1.11396077947802
K01356	342.078328545997	230.445243174811	1.20182612483406	0.951593064695599	0.56990272089959
K26604	30.363206617281	4.70085595326924	1.2014346905369	0.951575991314414	2.69132878156792
K00927	3393.51602037282	2454.54489011552	1.21348333194751	0.951537894543781	0.467325272152832
K07393	2.16350674854684	0.579910626456696	1.21348652651666	0.951537774423954	1.89946914090937
K06436	5.27110920337312	1.26745259714386	1.21369178860578	0.951530053861799	2.05617478988769
K02958	5.18825392866889	0.853550179305909	1.20045057238875	0.951517015370284	2.60370121576535
K10206	454.069351059247	323.431792925196	1.20042883370953	0.951515594793242	0.489451159654894
K01616	54.9269048748685	16.184122155608	1.20026454207712	0.951504861161828	1.76293388411697
K21239	2.16907113481433	0.550173542838477	1.21495356596715	0.951481540119843	1.97911869802965
K02824	364.615288915823	220.590474558796	1.24180021064834	0.951479202591761	0.72500456276041
K00075	692.146221056822	513.489869423465	1.21653596055248	0.951416235639405	0.43074103608207
K00375	305.130925035851	190.298543187773	1.19884752773364	0.951397672503425	0.681163887306668
K02880	4.39359667259988	0.787293310805522	1.24101726346431	0.95139546089048	2.48042931239262
K07482	191.831553978045	57.1489037694461	1.19877978741012	0.951391738040729	1.74704231578287
K01535	60.7652528931292	14.6894300668528	1.21728566808274	0.951384135480052	2.04846816791685
K03431	1175.24513249088	1765.9168813786	-1.07597651075621	0.951378576558097	-0.587455734111726
K24915	5.51583755776272	1.05081565691638	1.19858231430395	0.951374443775287	2.3920703683186
K01580	353.452480688037	200.582434981423	1.21774214438548	0.951364552602253	0.81732099284324
K02302	173.513614698289	82.137630508577	1.21825995838262	0.951342225653014	1.07893363349063
K02112	4820.26346282153	3913.97858188137	1.24017306491711	0.951310528228449	0.300476141242474
K05864	2.61806889328956	0.604287605854177	1.19774060026364	0.951298584915616	2.11519580436094
K02885	8.4035385605672	1.44564404478582	1.21953854215631	0.951286701486259	2.53928457868451
K01868	2708.8809964364	2253.81108135373	1.22064460463195	0.951239532871848	0.265330424858894
K01581	132.618273698265	53.1929992663503	1.23917233952748	0.951225640582964	1.31797129040303
K27187	9.03152721738222	27.5363310624296	-1.07546300714	0.951222813069721	-1.6082944767938
K19421	48.9179048711333	93.9464742985337	-1.07545970078968	0.951221811599937	-0.94147640470406
K08711	26.7611296482445	4.55540439408426	1.23909966126544	0.951219882137544	2.5544879804134
K00004	12.9041720251968	1.78243949710114	1.23889109029127	0.951203367345008	2.85591256430963
K02851	248.360575485775	145.303457495097	1.22177542887349	0.951192173104586	0.773367147435881
K26939	850.764685390532	609.525439050112	1.19674043907576	0.951183194152125	0.481073715166067
K01761	7.95497011801188	1.80084962095342	1.19673492783351	0.95118255906842	2.14317879649172
K03628	579.687924848804	787.541012196691	-1.15144305524948	0.95110584162948	-0.442078621668357
K02931	3055.22966451589	4214.10256520078	-1.19524609038501	0.951105122743216	-0.463944594829798
K02954	551.511627151238	735.388117245708	-1.1514921776024	0.951093129961223	-0.415114563457236
K01238	5.33939345656043	0.895477355312441	1.23696331610715	0.951076395355271	2.57594700906917
K12952	643.007177408791	433.227233289641	1.23621340574863	0.951039095765337	0.569710905679223
K04076	3.26978093940147	0.874919200291309	1.22622202019513	0.951029728348914	1.90197229108544
K02980	4.40760714289151	0.898020825843283	1.1952276051792	0.950985475730261	2.29517483215738
K02883	7.72660808476658	1.21300421038391	1.22834202438181	0.950975037951878	2.67125066415357
K03931	184.994388082495	89.7129407696851	1.23385804656191	0.950965115198481	1.04409349752323
K09481	2.00099200726412	0.488787099487572	1.23337576217028	0.950954443160323	2.03343729071746
K16055	2.63515562036897	0.567426721064945	1.2326430120679	0.950946754103607	2.21538216719466
K06948	244.027158150956	507.729809844848	-1.27164669328676	0.950945608239836	-1.05701924966712
K03617	327.796510902331	214.1367322362	1.23245627858444	0.950945595856447	0.614268206722656
K02837	992.716589278511	1699.28126899244	-1.07446186090827	0.950941521359867	-0.775470863979744
K00187	1688.33113645348	1285.5663787672	1.2315103971999	0.950939742585907	0.393193787028818
K02981	7.82882804093247	1.26483259574461	1.19473440646125	0.950916035779118	2.62984990258125
K10548	179.5476393433	303.285507863262	-1.0743410827879	0.950908575153249	-0.756309877285582
K08255	114.134701227848	219.909003809331	-1.21631865599867	0.950766853819281	-0.946169182460465
K01119	15.3970138845792	48.4560964615329	-1.07340343701904	0.95065782702335	-1.65402760844384
K01620	120.774117646154	56.4105861304564	1.19284081059491	0.950604325124298	1.09827348037913
K03826	6.92968347640967	21.4890571270638	-1.15443164259682	0.950370217704241	-1.63274082144655
K13923	13.9019789824725	42.7146035746927	-1.15443884166409	0.950368698168566	-1.61943912417927
K08987	7.39969119417179	29.6277514645544	-1.07181105055355	0.950286372022017	-2.00141216998165
K12308	68.5958946902623	157.288512979459	-1.18912517894975	0.950235344886772	-1.19721917032981
K20861	161.46256787819	349.618220139555	-1.26947716477429	0.950220351203406	-1.11458063055118
K18682	1199.68159964207	1425.88948938788	-1.26934135111022	0.950175212874128	-0.249210613496867
K20708	0.857856787508779	5.03243627778557	-1.26882083463757	0.950002412195488	-2.5524482731572
