	T2_LoCHO_FAT_mean	T2_LoCHO_PROT_mean	theta	prob	log2FC
K00187	3489.74241388749	1468.89716913261	2.64145356763793	1	1.24838714878894
K01489	550.389806974548	168.256244424566	2.65177333706035	1	1.70979370410831
K01874	17108.0560213259	5360.15423325372	3.01484352371621	1	1.6743294179762
K07714	1361.43907405826	499.328492389064	2.70348456126038	1	1.44707128524168
K24846	173.139582706393	12.9980301633332	2.35530116156496	0.99999999795907	3.73557068133606
K10671	1095.24172025919	471.968853340561	2.52449906037248	0.999995112487979	1.21448574829556
K10672	860.584778286007	344.765618545708	2.4293838605624	0.99857700052769	1.31970141256077
K03326	188.12859177451	54.2089214424865	1.80372844597992	0.99268552601909	1.79511691823484
K12941	199.387787486851	70.6176823382267	1.78502675615185	0.992112605680365	1.49747566933849
K01744	254.068593329983	93.4941678400183	1.78332403166426	0.992039465611884	1.44226977007537
K05805	16.7782166675242	0.987898358816534	1.75132706507347	0.990727452477571	4.08608295579908
K09810	1176.10439528025	723.623812217844	2.19275963672839	0.990347063932569	0.700704336211149
K00548	1005.34790407616	592.697399785795	1.98290322134901	0.989573955807778	0.76232720394887
K01843	367.450060242569	108.257322120945	1.74565107602178	0.989224890701773	1.76308358132554
K18675	326.496198019923	93.6480666214994	1.96760876819024	0.987997866218902	1.80174507675583
K00929	645.769832684484	284.091295939082	2.16860027064918	0.987644586883669	1.18466541608072
K20525	60.3427084510074	1.86417852093626	1.96544321172874	0.987515911670619	5.01656752278202
K01728	10.5658330265388	0.71875929992072	1.73942109533385	0.987038953690686	3.87775398794553
K06972	735.968158871239	361.113026876649	1.95629697004162	0.985842195639163	1.02719288513053
K01847	730.332307437334	329.847356606829	2.15393684547681	0.985221413186092	1.14675450872777
K05795	114.624173384845	29.8418450869411	1.62706797555215	0.984786101339707	1.94150268618803
K25675	318.976486997774	73.4279004994936	1.93996193723148	0.984597189406051	2.11904982606881
K03338	102.687823177834	17.1655051566963	1.63432952337017	0.983796272392801	2.58068089609395
K05290	17.660021173926	1.60719812785564	1.60468028496053	0.983533545876418	3.45786737896839
K05662	23.6793866061345	3.52383318943849	1.60466832595286	0.983531520218167	2.74841417273638
K01647	423.976655948841	239.940979887563	1.64136137872897	0.982657503175441	0.821305253766889
K07279	11.2978440410465	1.6057535751995	1.55233910049727	0.981664909628133	2.81472507680071
K26937	2877.37131914329	1744.09792591183	1.56362520915144	0.981515525413056	0.722270364640455
K08955	12.8006630688235	1.01137853702393	1.59047073519759	0.981416774057357	3.66182357028813
K20509	1022.07673400974	688.341057091797	1.65022826753233	0.981381317316738	0.570308043677562
K00024	866.454176863606	419.826969126806	2.00334539996065	0.981351213452209	1.04532860687818
K22292	288.396637644595	118.583502796647	1.56790867899374	0.981284247197552	1.28215102686603
K25676	243.584391815373	103.738101313791	1.54310409960965	0.98125623146746	1.23147582261563
K08325	239.565040366387	81.594137759092	1.57418586793356	0.98095716692954	1.55387998289657
K09800	31.0600278814018	5.80683002415074	1.58298206293561	0.980897624342928	2.41923641515882
K06398	355.299981175095	173.952622220706	1.58127767031203	0.980854811030769	1.03034318543555
K07588	279.577520307338	123.097300878096	1.51746236002992	0.980811277432937	1.18344923555198
K03671	555.66315672666	315.790636473622	1.51309916854523	0.980658445828536	0.815242191094416
K25674	597.146566731058	343.647478695386	1.51076202784728	0.980496872141071	0.797155702955988
K00703	1917.69832197553	1380.26804424843	1.51066785729559	0.980488081560782	0.474427322551385
K01711	227.305301957064	97.9503272685159	1.50916774479089	0.980345016192321	1.21450911789625
K19540	40.1957375728317	8.60341694008822	1.50518756911767	0.979821309314654	2.22406086289954
K00172	164.481525384697	52.2129432370142	1.50456975709582	0.979722218093812	1.65544615848355
K18028	30.2237412445828	5.70634855219988	1.50356543935381	0.979550312588854	2.40504247883555
K11751	239.482987248091	91.6210431937743	1.71283564833381	0.979128166135998	1.38617227673196
K02190	127.831573369335	50.1255495828514	1.50022415156495	0.978894250692863	1.35062615969923
K01712	394.362475583162	186.591316579116	1.70283814025127	0.978459728798088	1.07964043389481
K07175	195.133790159455	68.3116722836728	1.70229720114393	0.97843902468176	1.5142596073015
K01844	344.521834112885	105.36282535342	1.69794676683847	0.978286320565122	1.70922947903177
K10793	1211.36586255854	684.954118403077	1.91575814559748	0.978234682759511	0.822555402948217
K07813	8.97951351264694	0.723974684720208	1.67677014397477	0.978209192711537	3.63262612903965
K00639	914.840055011814	481.541038324709	1.69005161067954	0.978035263440363	0.925860779581621
K07775	485.983789289868	285.20511085889	1.49042129652721	0.976480801089273	0.76890835637655
K06073	28.0243732279571	8.23479639986636	1.26925931271844	0.974963567017214	1.76687722137725
K18908	1040.85986638935	806.346118675591	1.26666175214592	0.974850115752028	0.368304704004958
K01266	6.64198921988389	1.31760658922713	1.27766458905294	0.97469109745278	2.33369570633436
K14977	231.38225111505	108.890169493616	1.27953018738942	0.974537207276999	1.08740448761816
K23876	944.135595160905	672.334251877752	1.26280777158118	0.974492064134107	0.489815422763054
K00091	16.1955966334204	1.03895920380992	1.48166255506843	0.974259134651342	3.96239070587335
K06206	177.194963584105	88.1157443771042	1.2825556598295	0.974258119284506	1.00786587304512
K22926	1052.15638618812	607.723833364163	1.26094921391229	0.974234487328419	0.791861377179029
K03791	23.0197964558347	2.18100315758942	1.28301871079467	0.974213941072144	3.39981131323873
K01815	537.707352005499	342.872612902887	1.26079170671496	0.974210375676997	0.649148524547452
K06200	402.602280638296	200.692836076293	1.84073890038769	0.974176288216817	1.00436622554516
K01520	573.210932325805	335.632807881114	1.28780947185504	0.973770916968068	0.772182379920287
K00812	334.223178133765	192.500390912631	1.29035083718444	0.973563335108934	0.79595041121088
K02117	1180.70442600661	818.367184888108	1.47828133712995	0.973482728378462	0.528827648223619
K02777	642.149421258147	400.936297244383	1.35805775089254	0.973289014814873	0.67953600370175
K20904	60.8355597574961	18.2977758615786	1.29497333098816	0.973251283215875	1.73324656189921
K21531	27.2682495692689	4.25172385024754	1.35044682587885	0.973156018147565	2.68110229041971
K00281	159.241861385458	67.5515697392985	1.25446937166767	0.973043519011893	1.23715844048307
K03462	662.06630347209	183.600946685137	1.30686594059237	0.972544245386401	1.85040220718723
K03405	66.5879655110521	12.213932248948	1.36509770275413	0.972405925374483	2.44673371394247
K20903	106.259092105825	37.765564020451	1.34383451086645	0.97238856011924	1.4924430528735
K01629	532.812056214438	266.570874362728	1.30890416586539	0.972383586588272	0.999107567769587
K15358	5.40013649069544	1.13750806623482	1.24940112058296	0.971939993396051	2.24711909674648
K09759	79.9388735052675	29.3900613764679	1.2477930156534	0.971588344956847	1.4435688706815
K01993	1499.91836573614	986.523037030301	1.36892396067947	0.971568146393388	0.604459337123918
K01768	253.763095158401	100.699745217989	1.36927630385531	0.971479789897815	1.33342223970584
K02118	880.613575628242	631.568901161708	1.31870056878853	0.97145287473002	0.479568951416928
K00634	199.128692635473	97.225234282471	1.2462860317056	0.971265622761573	1.03429840406364
K17998	426.970913393253	258.943602699352	1.33473962879323	0.971253915061869	0.721499875675049
K17898	114.631390684747	42.6892728719582	1.24621525519152	0.971250806188657	1.42505667169174
K02963	1319.48770151997	805.280349950386	1.33320328561324	0.971130452091986	0.712414868862931
K18012	76.0984122870624	22.6243757493766	1.32537496187935	0.970997774426709	1.74998836775878
K20038	91.4393532489515	28.0835959039403	1.33042528221249	0.970987611362476	1.70308752512933
K18118	433.10831004245	238.45677684994	1.37128154534346	0.970962898279835	0.861000069485078
K07548	182.845125664873	81.5038479737709	1.32742150641003	0.970952248108825	1.16568208860269
K12538	202.59344551189	73.8556405988886	1.37297626331151	0.970505236922063	1.45580748581747
K02395	135.891527978865	44.5623416171802	1.24215710301901	0.970437376818142	1.60855856645954
K24936	8.10792384759841	1.12865751751829	1.42989241697	0.969896450110867	2.84472476082826
K02406	506.675746730434	284.036627535976	1.23846773931001	0.969788333417076	0.834985790002362
K01615	103.764156726435	36.3100584424779	1.44110496888446	0.969591184819824	1.5148670219825
K00233	135.515934445949	51.2780609447183	1.41501476737561	0.969520304246547	1.40204888549177
K21079	31.3441160811372	2.97846080440195	1.37802947947364	0.969126348336636	3.39555576675583
K01474	3.01368999858689	0.622808075052843	1.40940833637131	0.968811443622961	2.27467146761438
K06238	94.1048715920079	18.0743413312293	1.23123136562552	0.968751077433515	2.38032633672713
K01284	1021.14439784158	678.426239725747	1.40438199366684	0.968035267431784	0.589923013349412
K26889	3.79117620723751	0.58567690158163	1.22233793657389	0.967671700877388	2.69446860954712
K11540	494.232482124104	332.631224684646	1.22052976554845	0.967449100724513	0.571266227771189
K01012	807.576791766294	538.090467332257	1.21876767984986	0.967228420812014	0.585750702313853
K03412	58.3675973916753	22.3872721232706	1.15214756886853	0.967058715498428	1.38248893591338
K19051	16.4014804382376	3.60416576692023	1.1502627119931	0.967034261652052	2.18608877007467
K02168	16.8240727294403	2.49246174218299	1.15463791288231	0.96702323262837	2.75488372649
K01584	128.2047001607	40.8053809594012	1.15490973540546	0.967015982894076	1.65161783769493
K01486	606.258927990235	417.449571494999	1.39217755102981	0.96694402480383	0.538332159508153
K16201	64.3659146588556	25.0669520562944	1.15816371911277	0.966862323045839	1.36051031658499
K07791	51.0426246451751	17.7597663300185	1.16079538955052	0.966666800221839	1.52308991544411
K15652	4.73411367495425	0.935108799925667	1.1608339828471	0.966663608534792	2.3398882108313
K16092	290.296230937174	155.831612815304	1.14048341176018	0.966320439587027	0.897537905101373
K01932	12.7810067139913	2.77447870483056	1.2115412318478	0.966309203248097	2.20371284175075
K18942	24.2110737738488	6.47410593383237	1.16464298303	0.966305957524208	1.90291418780483
K01040	19.1071517653858	5.0966346168759	1.14022773741673	0.966290779211364	1.90649590323461
K22933	33.3610286650968	9.75243174199733	1.16615362348752	0.966149857913865	1.77432987314221
K26933	13.8552250234253	3.11379004402876	1.16821399451179	0.96593323364018	2.15368656681887
K15987	440.137369212632	296.25906863701	1.20745495672671	0.965820630620758	0.571094550524755
K15532	266.364555760989	154.610722837494	1.17170920604595	0.965575496606768	0.784761741503465
K03616	224.126739462958	137.426817738071	1.13438546382876	0.965548651852024	0.705651218030506
K02007	155.754437379659	71.1195437769054	1.2037719437819	0.965436165452899	1.13095529102185
K06079	78.0062541354071	26.1651488722926	1.20338649820997	0.965399237383622	1.57594332888812
K00174	154.027836605563	76.1252867776394	1.17447838889404	0.965320526827206	1.01674344180664
K00857	161.369502502632	74.9994021542031	1.20030981594308	0.965139130193599	1.10541694642917
K03308	1131.25680767441	870.812291352425	1.13130978406271	0.965128326527397	0.37749279791579
K00710	6.54688705015447	1.02266252298907	1.20011267056825	0.965124025489546	2.67847895257202
K07498	125.933122035944	53.863227230685	1.17797439391005	0.965052385571754	1.22528520334716
K02224	130.744499480529	60.0910177398554	1.17823995057886	0.965035473015213	1.12152899088704
K18324	252.677247904129	114.275691211427	1.19717470592978	0.964933456862473	1.14477721865412
K03465	117.046930057984	55.7519776143321	1.1802021394608	0.964919437084355	1.06999220968866
K22934	50.6076846558942	10.5911344857179	1.18284787865544	0.964800871591427	2.25649933723219
K10823	505.65622121939	346.723115240413	1.12862049485635	0.964756371314876	0.544372857063493
K07559	19.7835091678547	3.24045401631141	1.1870483756985	0.964703990513223	2.61003048504235
K11529	25.1310512112732	7.56002628640751	1.12465362139241	0.964202158063918	1.73300786337598
K22468	10.8395817283684	2.7349857004034	1.12303657098178	0.96397298207732	1.98670389270306
K01610	4936.67954179381	3967.52879464755	1.12141709967924	0.963740437152564	0.315300303855076
K20859	21.4721365354216	6.8285989345751	1.12079840093529	0.963650730183191	1.65280424295984
K07154	472.984813905386	297.818786590751	1.06460238104618	0.962849336293593	0.667359100912615
K18013	54.0232820815695	20.6750467984201	1.06772966149283	0.962814468807899	1.38569069572582
K26041	3.55662319087001	0.807184065752312	1.06810557446113	0.962797147034724	2.13953853481851
K05825	609.547157774908	388.610895280545	1.06833144098765	0.962786717260304	0.649411490064477
K01186	144.463092660751	69.9132674477589	1.06908467178134	0.962742777361788	1.04706279390988
K03118	92.7638812742452	43.6752882011723	1.11472034759852	0.962728507046338	1.0867459610077
K22247	3.6365653295424	0.733499381533815	1.06931259489795	0.962726578605268	2.30970883944022
K01181	181.844773757124	94.180622519289	1.06156237773355	0.962690331102378	0.949205299371078
K00702	363.367759272857	212.255918797217	1.06057293969816	0.962595668869	0.775625634301025
K07647	38.4516907351932	13.1079473383386	1.07276364050315	0.962403216173206	1.55260525349674
K27502	538.028385046082	379.23567660215	1.05844303200401	0.962329807215322	0.504587595630819
K02429	367.734276446762	232.48409116735	1.07378697345651	0.962278699402876	0.661531659847935
K12681	87.7997129168735	37.115495577808	1.11163800329466	0.962239221597091	1.24219459022613
K11494	5.36140783281234	1.32747643182678	1.0578203619747	0.962232591896068	2.01392563505635
K03168	759.971014288014	565.659386880617	1.074596747625	0.96217503285551	0.426010802104759
K10268	48.8039687016579	4.2831125429085	1.07550865100667	0.962049361114876	3.5102669803815
K02106	126.732185811462	31.0681985868472	1.07640786851031	0.961922561616125	2.02827247028369
K02042	3.57198869015802	0.680983842714819	1.10908250725273	0.961833663048744	2.39103503870262
K03530	249.731348114112	136.113642036325	1.10879525862056	0.961788824436284	0.875565261625158
K05539	23.9093614848799	7.25530522465697	1.05529953624787	0.961781218311058	1.7204673887884
K25034	28.2125722685036	9.26838199875294	1.10779843297041	0.961634149616181	1.60594879739874
K01733	521.211463555568	330.979598398027	1.08049470172372	0.961322330281361	0.655126523008834
K01039	149.754449405951	66.9007444732931	1.08108898707754	0.961237971847644	1.16250469764128
K01216	7.42073235412786	1.00110823299059	1.08124130056648	0.961216607870568	2.88996361689596
K16250	14.5227304968171	2.33812341911676	1.05242121164162	0.961143246989563	2.63488973727018
K03572	1461.85501489884	1148.35378203329	1.05212105074739	0.96107083238282	0.348233061085717
K22650	10.0189809648302	2.39071918304724	1.08229963671051	0.961069095730096	2.06721919452041
K02417	7.96867105085035	2.08400231127272	1.08275725879864	0.961009417040926	1.93498226586647
K13731	3.46814113779414	0.807803817364232	1.08555499962721	0.960675392314411	2.10208574219288
K23361	2.5647363879646	0.685396532000897	1.10008144530986	0.960622904129967	1.9037997513372
K08674	47.3875823242007	15.0003795740944	1.08669322546478	0.960560045145712	1.65951005015365
K01547	266.966739817615	161.152491804218	1.09339330849364	0.960265590350683	0.728233518141078
K03088	982.822305238695	687.151731817028	1.09333138498988	0.960265314708776	0.516301900580657
K07192	474.410242456835	184.19296729203	1.04202077337927	0.958398204326933	1.36491717916548
K03767	122.920499642821	64.6993393103244	1.04187123112685	0.958359216363944	0.925902651220941
K17899	18.5068359185349	4.61199849092398	1.03939341390069	0.957744064547925	2.00459431519262
K26048	3.37786589043357	0.559456490405476	1.03923989742871	0.95770721034467	2.59401421016894
K07080	56.9972389234318	21.9472572030015	1.03842990126418	0.95751776691817	1.37685137927007
K09882	34.8026410197376	6.86902246103489	1.03754348629265	0.957316179267981	2.34102008295264
K07715	314.026304034166	132.590447183314	1.03554028763025	0.956893297676703	1.24390857323278
K03773	216.884001187263	128.911202661888	1.03436426286249	0.956662440736713	0.750545991649687
K01255	81.4787652107233	38.47102181278	1.03280556392409	0.956381953803199	1.08265196783997
K11808	3.4340820436823	0.981485124750577	1.03266765257751	0.956359336148552	1.80688619950261
K01779	138.859880764063	71.3315110300207	1.03029545865725	0.955988433915012	0.961018397838654
K03644	146.717450859207	75.8725423023653	1.02868351741325	0.955769648683243	0.951390693364761
K01373	3.69865969221407	0.897714276832228	0.985401886144767	0.955515224113554	2.04267432219542
K16882	3.24702057382993	0.552108973129382	0.985947290745431	0.95551307673561	2.55609157210566
K18581	68.1839407813048	30.8623566769749	0.983118361701635	0.955507669320411	1.14358375277112
K03296	303.604630523759	174.541044955845	0.986988835781396	0.955506136102405	0.798627455112763
K21400	52.1267533748594	21.2055816474615	0.982815874140381	0.955504475657811	1.29757995182428
K01187	217.355544068738	130.72451527177	0.98799260787978	0.955495360920477	0.733527174118389
K07812	35.0145991682985	12.6024830996307	0.981466334974056	0.955485597468671	1.47424855259094
K05964	2.13109353064905	0.679537758763086	0.979706006211609	0.955446780609574	1.6489682901254
K23424	33.7639100468736	13.3405376518478	0.978954145508653	0.955425938152319	1.33966517440507
K13787	185.164640414248	109.023242808787	0.991459576488432	0.955425324931264	0.764172885751593
K04022	5.2086305726911	1.59987711856975	0.991737885112238	0.95541772059115	1.70294301554625
K00208	165.137731424059	91.3871634352976	0.992070639263111	0.955408611966858	0.853606352904609
K07278	17.6192445051761	6.30453634384773	0.978218349825648	0.955400276919175	1.48268988525455
K01364	163.996058897239	70.472913923943	0.97779243690273	0.95538547039825	1.21852037168283
K05814	15.1632805415351	4.64982573525453	1.02519060456437	0.955385435881254	1.70533335763135
K07263	233.554198298517	126.590488800799	0.994307766253162	0.955339554697627	0.883588364848648
K21672	72.2352604644373	32.6487950935894	0.995449076025891	0.955299988474146	1.14567348712739
K20625	126.490305957414	70.1872812478656	0.974783245829335	0.955244121187836	0.849745296801239
K11927	169.256527901617	97.2865694235001	0.974497419819456	0.955227841962718	0.798898919511336
K13560	28.7538982272149	7.04887841228485	0.997591826204595	0.955220004582003	2.02829193320239
K23163	8.47019079005421	1.76060817711678	0.97409951206094	0.955203000349611	2.26632059296808
K19354	78.6837886929817	32.168216909859	1.02261619169549	0.955175373381999	1.29043045695497
K07484	1458.81374226868	1078.83301461448	0.999331262670599	0.955152827849414	0.435324118340408
K05850	61.995087061492	22.5780805497124	0.973071705996812	0.955138501300102	1.45723104823604
K03473	223.274429035381	127.588650020276	1.02138827216538	0.955095477267549	0.807318036868623
K14415	57.5880862287854	23.612119463907	1.0055982885731	0.954932742719775	1.28624283295683
K18946	11.681135381136	1.36887413109783	1.01783086468436	0.954925055906646	3.09311880685374
K01599	11.4888874177452	3.38023587689666	1.00664577544744	0.954905098690335	1.76504326624602
K26030	14.8032848362407	4.16672826534009	1.00727748998027	0.954889603027658	1.82893042182068
K00533	79.3777734943837	36.8444334379161	1.01562841598802	0.954866503506539	1.10728842675044
K01896	546.929888570507	342.60269555436	1.01526483150137	0.954858966623011	0.674819402101206
K19607	4.81836747622446	1.0757602062113	1.01147392388615	0.954833149656963	2.16318789810125
K24298	4.79043180402641	1.16955980834292	0.969221618466611	0.954825218605052	2.03419006533089
K03546	226.49894634685	127.284108286657	0.968000366001932	0.954704175336023	0.831452032304396
K03695	8190.61700462754	6552.73328263236	0.967842542745109	0.954687702590193	0.321875324552714
K06623	3.67051642255295	1.17908152153408	0.966260289196652	0.954512647429861	1.63831958752827
K04751	11.9455392348362	2.21924404267797	0.96508721401518	0.954371172691968	2.42833175050085
K01816	6.14164764147271	1.66270645531363	0.964962727582403	0.954355482481941	1.88509225578468
K15855	8.32281164074996	2.36438732677232	0.963294797479773	0.954135037254735	1.8156045940825
K07391	331.578434239702	221.696886069958	0.958857308566211	0.953452523911231	0.580761671027322
K02188	80.9019603146174	41.6942417387395	0.956261523624136	0.952995443247117	0.956326509322145
K00019	5.96314505510363	1.77723734173674	0.955561052304424	0.95286532597947	1.74643707172366
K21830	1.89706174052174	0.551398999830692	0.955251887183944	0.95280802293232	1.78259807692242
K26425	5.98307456897169	1.36980137357701	0.952453518189367	0.952260531589532	2.12692033180584
K08138	668.925785525417	480.761604264775	0.952015752225009	0.952172090974518	0.476524478176759
K22222	8.26790956580346	0.807456723918681	0.949712537251841	0.95169473103265	3.35606576371838
K01440	2.96833052685519	0.620654818406494	0.947108376802457	0.951136905875384	2.25778871509252
K16692	169.697730454401	97.1271769115171	0.946925842355151	0.951097178388498	0.805020336216015
K01585	1001.8582503702	795.960990694883	0.94560503246004	0.950807852264768	0.331908768317283
K20884	2.43920117681471	0.655850020234901	0.944231390437619	0.950503369836217	1.89497090929238
K19355	2.11526401901457	0.650045231762345	0.943676606785435	0.950379418651581	1.70222573310692
K01580	385.739764144604	230.522800576143	0.942271936425294	0.950063057587446	0.742718422491313
