	T1_LoCHO_FAT_mean	T2_LoCHO_FAT_mean	theta	prob	log2FC
K26113	710.511238277234	153.574407573616	2.02781922516797	0.992204014014119	2.20991965100831
K01533	315.808756694426	1.81995800897238	2.29829100255497	0.990160437398895	7.43900220015379
K00873	2570.95847013396	1396.06338496836	2.00977184158588	0.986137148558166	0.88094186064467
K02600	1743.10644437022	989.326079623835	2.00789830970857	0.985519922251095	0.817142658150985
K12132	1096.92913378408	520.377912469849	1.95836331533483	0.983991652874306	1.07583869158179
K18888	3526.80754262276	1771.64657820816	2.00183552001177	0.9839419552676	0.993272017646552
K22457	78.3779356544438	0.700241107386845	1.98613898403515	0.983191228924112	6.80645200789333
K12556	98.7029478185359	0.992913932179058	1.99128963439812	0.983021145441476	6.63528069458987
K01989	922.108506544716	381.977466307661	1.94189783874825	0.982591161565187	1.27144899274364
K01299	561.890452996269	154.281824493522	1.6405771504173	0.980340841749297	1.86472077578998
K09014	1852.36677659789	929.39514742381	1.9315650811784	0.979914817504811	0.995005769359764
K01442	2460.85069692416	1293.15131758619	1.64399614532507	0.979840693569956	0.928266028818217
K06959	1556.31306847769	951.84035337675	1.64453824334966	0.979734343269132	0.709340778430521
K07485	1996.18998546901	1021.07442258809	1.62688960802777	0.979717369650187	0.967161011220881
K01537	3593.1422168848	2522.76092221348	1.62655493898236	0.979659234540424	0.510242547443822
K02434	776.547193174722	386.093776436321	1.88522651297234	0.979265733130664	1.0081223050921
K00248	1427.77441356967	750.767666391147	1.64868993767259	0.978660305701223	0.927329630003393
K00694	449.682744202825	139.92553796928	1.87805834904273	0.978147022815609	1.68424822969461
K16235	181.002848257253	3.72214132421545	1.87724386784525	0.977929848955889	5.60373575604302
K08724	1203.98633764072	469.467535823817	1.61835878750262	0.977874835916983	1.3587217185052
K02794	3118.96804360806	1054.06699035282	1.90244345635469	0.977817636106735	1.56510221201602
K02770	548.413947832671	261.408760630462	1.87663583933362	0.977758382879745	1.06895777250543
K00895	1480.66600412195	655.372329607941	1.90553149390893	0.977403079721404	1.17585957917511
K01197	2077.16488196757	1228.96726473659	1.61641851008844	0.977366429074413	0.757169251491735
K07030	2577.29106677507	1543.06823460946	1.90727770282685	0.977203909440951	0.740053617974155
K07082	592.955861941144	262.248029126235	1.60718073165055	0.974619827987559	1.17699278783155
K00969	608.243882909336	281.18051434771	1.78163551192425	0.974494648669623	1.11315328617996
K01151	1143.59467713952	584.774961303865	1.86645755264597	0.973462010394551	0.967622365176353
K01269	419.994611421749	175.164603765272	1.66084960461095	0.973187437700324	1.26165954502312
K02761	1677.94327807932	788.39832877789	1.76496427637448	0.972714629957099	1.08969732379709
K02528	1258.09648188298	810.686076114408	1.60023002609709	0.972164611060925	0.634027295499304
K00864	1879.23115225866	839.247080775393	1.7620971284642	0.971960540256838	1.16297501560873
K06902	692.172874684256	278.231709479084	1.79098239807768	0.971573379354731	1.31484555519936
K12952	722.765030614436	406.023329728314	1.7574773226148	0.970718469120111	0.831964080559512
K00761	1910.26025445005	1170.56035295078	1.53232765877136	0.970028963233441	0.706569884554089
K00266	353.079519947972	124.572349065886	1.53343172383641	0.969859075789304	1.50300926793086
K01623	1193.28081123269	483.433967081244	1.53655977602676	0.969213480836321	1.30354283958284
K03713	92.0082048759924	2.50775332364743	1.66793281508932	0.969089977298173	5.19729517108613
K07304	922.916792898969	429.037826333072	1.75043488700801	0.969032181861545	1.10509573590185
K02493	616.581817653014	342.26354543436	1.59255867095531	0.968997162177882	0.849184707754653
K10986	3796.85461859026	1441.01405859477	1.53746206737592	0.968986253297205	1.39772034870399
K27343	707.621024495886	377.682817015128	1.59127635674189	0.968429824377063	0.905801764632282
K00688	2826.02345842213	1948.62566038865	1.53994126844539	0.968277218355143	0.536316472217298
K20108	553.475357662988	192.047924085356	1.74525248338998	0.968089520946953	1.52705271609919
K03568	345.98101179897	150.884950963683	1.51299700798863	0.967878651758007	1.19724394092559
K00366	379.590439589562	100.883780850747	1.79740448412309	0.967546954485887	1.91174940683298
K01338	4800.84896719736	3168.11364167893	1.54291381305416	0.967292115489067	0.599665463623413
K25290	875.162068396713	364.188654672902	1.734432892756	0.966782964101973	1.26486422995977
K20608	197.952366551782	62.1011715235565	1.50890594391275	0.966563199771729	1.67246092521044
K25617	242.859232307645	92.9696937829647	1.45752034624623	0.966151981742088	1.38528792262049
K01689	3556.82924506451	1962.44519687659	1.45460440337084	0.966133282137545	0.857939349741129
K13730	388.998864493205	181.612822303026	1.45450276475236	0.966130650876609	1.09889987994776
K03492	343.273276564633	149.649516587884	1.45441897999968	0.966128481966777	1.1977699309808
K00627	101.569447486495	5.20903359876704	1.45909038559835	0.966110958402529	4.28530694581474
K01626	609.977895720987	329.947715420479	1.45309468554632	0.966073524887801	0.886519535004532
K04086	1953.20843887068	127.557962640191	1.45211482839506	0.966014363378052	3.93662105106154
K05816	360.158119617907	138.290326577121	1.54667782891673	0.965909398365391	1.38093018627931
K02071	423.649714048574	202.072598284224	1.45060285475913	0.965892576160548	1.06799819454686
K01126	528.941785250542	273.395053828314	1.50635531220716	0.965728914296803	0.95212180722651
K19430	430.296562510635	184.761156588672	1.44855061553491	0.965664801327154	1.2196698326715
K03545	8345.49770964707	3993.28192824508	1.50488386228767	0.965261706058301	1.06342316099366
K03495	1522.27650563137	684.695023056152	1.46978829433781	0.965004993466356	1.15269700228275
K09697	285.348590436012	100.08131734863	1.47036809256903	0.964912977151991	1.51155275178931
K00057	631.733863229171	366.074759282973	1.50281289759394	0.964638086264279	0.787178604193391
K05823	368.043342335388	116.891947592948	1.71978464590144	0.964533527205464	1.65470012465901
K00226	23.8052008745587	0.515169738078643	1.55094615531047	0.964297106305994	5.53008514290951
K06915	740.805606540396	320.760665809546	1.5510842995047	0.964246421251822	1.20759777914636
K08659	1121.32948272195	600.451578134037	1.58167756488288	0.964221312330453	0.901090437388777
K26115	273.317451106279	66.6914195652502	1.80167934862697	0.964199815971466	2.03500451463634
K00760	422.989910153635	170.979007077511	1.71789636577942	0.964110558522998	1.30680404936165
K02033	880.581364194337	531.101871272864	1.50057451425727	0.964028061917254	0.72946770014049
K01739	24.8627258932104	0.667368690971443	1.47617543865843	0.963920345236216	5.21935666335826
K02036	962.939625171872	553.837995242909	1.47694452568352	0.963787882643242	0.797981315076037
K26210	46.0694996331587	1.67742104538596	1.47785085087574	0.963635330559675	4.77949516187626
K13678	462.376647086086	218.387126851377	1.49862924007694	0.963567305093132	1.0821807175569
K07106	647.643740690898	327.910659519369	1.49632423982534	0.963122566807622	0.981897625211483
K25133	3948.2511081646	1760.60232551135	1.67984441747052	0.962982248365035	1.16514466939208
K13038	551.881463155258	304.216213782961	1.55476266292559	0.962962960520438	0.859261382154875
K03531	1372.38996646266	874.848092985529	1.49470201367581	0.962877338315149	0.649586046619978
K03657	1004.56369577988	589.494022550632	1.49190989895188	0.962604201276503	0.769019953574871
K02933	1582.52396329119	890.677790396816	1.48682236254651	0.962570681817384	0.829251820646498
K01687	997.15525511628	611.820092577807	1.49127883036885	0.962570085873057	0.704710660162108
K17473	195.583593993032	61.7769932324249	1.48702469228594	0.962562453558218	1.66264379882807
K04066	985.529496508078	621.662273266542	1.49072846820821	0.962544596189307	0.664768022311941
K21071	1367.73039177485	856.246179597592	1.43469982607595	0.961753203859021	0.675686321860758
K03595	1709.57326804816	741.921285189166	1.70778317840071	0.961669496742264	1.20429821836836
K02810	1416.11510439522	552.452745601331	1.6839135585818	0.961554627449987	1.35801556199574
K02346	901.426525511227	470.11252555807	1.70601461519082	0.961281645634641	0.939203783795133
K01972	1844.0989280802	1167.33453541786	1.6849399971486	0.961263686572604	0.65969798361545
K22416	41.8469070688844	1.04766273010238	1.5622513111885	0.961149156580723	5.31987474057092
K01205	1908.64787910788	842.121990845753	1.5696402377944	0.960967057330442	1.18044982452843
K06890	1006.54958813666	464.209050428319	1.43290749982316	0.960882860312237	1.11657169355638
K03086	1666.77274940254	1059.48209651354	1.56610280498164	0.960830303532999	0.653698209498352
K05362	400.711229522807	13.8769595562498	1.6881695863978	0.960536789692569	4.85179952741999
K04074	206.364867820147	6.12946694606896	1.69163929127897	0.960087020686049	5.07329195841033
K24847	854.661757777772	551.444872834923	1.42365863801232	0.955037778571127	0.632136900953357
K02745	895.964922740925	324.866718009343	1.42349804430892	0.954918072279759	1.46359430168761
K02796	2807.77035235874	1085.73739220278	1.81776945822059	0.953006306420949	1.37074974235776
K08963	424.144981621569	190.520835579165	1.34744650053707	0.952687055453188	1.15460871126941
K01539	46.132004890087	0.593538315219431	1.8289631632966	0.952561266608598	6.28028301837295
K07407	358.005189778357	173.880950805398	1.3504908010545	0.952531576052588	1.04188061188417
K00100	666.413385171705	370.581749492583	1.34156789370029	0.9524746315467	0.846625545194731
K12555	1252.88741859665	119.497733248844	1.33289708949161	0.951435871339642	3.39020162631893
K04094	392.180066514043	155.096637326614	1.36103199536229	0.950172511392564	1.33834880155578
K08311	24.7669636703492	0.88121240921013	1.3611444831587	0.950132286282874	4.81278338944269
K22212	156.728555442022	0.910671606156746	2.26575595922067	0.950012290057621	7.42712143984298
