	T1_LoCHO_FAT_mean	T2_LoCHO_PROT_mean	theta	prob	log2FC
A5VIP9	11.4512626226529	773.013266406556	-3.78781247613971	1	-6.07691458923566
Q97QT7	0.733999873550158	29.9172818945277	-3.31000396934509	1	-5.34905548177498
A5VJ48	7.0547118922914	404.864886486934	-3.27492213369288	1	-5.84270954902982
A5VLH4	7.0223260878893	274.086786743721	-3.2752022182938	0.999999999999999	-5.28653997916125
Q88Z54	14.3975977101415	499.926489958957	-3.27876196571048	0.999999999999999	-5.11781595603622
A5VLK5	5.41327994227119	526.997346339779	-4.12063178219415	0.999999999999998	-6.60514888957051
A5VLH9	4.09550072833929	590.612212764688	-3.77476562590288	0.999999999999998	-7.17202752789064
A5VKB2	3.23800780265913	173.256208516514	-3.65385491179346	0.999999999999997	-5.74165677892237
A0A0H2URT2	209.519228603447	3442.94408397421	-3.27783570676882	0.999999999999997	-4.03848819234827
Q03SL6	2.25053237506495	151.968243046631	-3.76737243264757	0.999999999999997	-6.07735974475411
Q07744	7.90146939063742	250.811499549808	-3.27303694669891	0.999999999999996	-4.98833871818786
A5VMU5	55.6338245974346	1024.87710960216	-3.27671684780771	0.999999999999994	-4.20334483162449
Q03SC6	5.42930160881217	216.395558001831	-3.27209419239112	0.999999999999993	-5.31676044397744
A5VHK2	1.28069736674694	69.6973078339154	-3.299918596648	0.99999999999999	-5.76610142365021
P24944	5.39177007230466	143.57861387736	-3.30000844879265	0.99999999999999	-4.7349380893639
A5VKQ1	9.60122535254362	650.375187064765	-3.55363915755196	0.999999999999987	-6.08190986597183
Q797B3	40.7470315841106	811.885583952841	-3.49979911664614	0.999999999999986	-4.3165095598925
Q88ZS9	0.926495521890606	70.9490479413091	-3.75211907364222	0.999999999999983	-6.25885551163048
P27127	1.56829327520191	87.3009588072449	-3.47751500129003	0.99999999999998	-5.79873022096689
B2G6L2	1.56586821432966	105.750613540139	-3.51683361509302	0.999999999999979	-6.0775594248257
A5VK09	1.14561173090869	98.4664158053087	-3.47808527818685	0.999999999999978	-6.42544166883729
Q88VQ7	4.84116896275433	295.055086002216	-3.50553787218206	0.999999999999973	-5.92948506982461
A5VIU4	2.57674008313362	268.822045073891	-3.9301974579145	0.999999999999973	-6.70496062340288
A5VLK9	2.23502502962587	189.792839384622	-3.86221328614261	0.999999999999973	-6.40799076434716
A5VKP4	12.8693597161437	625.583052264182	-3.64410167464427	0.999999999999969	-5.60318924631713
A5VII1	19.4419573576448	847.743796447621	-3.62572937421591	0.999999999999969	-5.44638294449492
A5VL28	1.08346021735869	75.4974988743748	-3.32401375389778	0.999999999999962	-6.12271076433629
Q88Z33	1.2307013809842	77.5894138693654	-3.59314929373821	0.99999999999996	-5.9783071757115
A5VLK2	6.95010493787219	522.328438898679	-3.73632937948802	0.999999999999959	-6.23177868427516
Q1WT66	4.30261684689522	116.360121664396	-3.60713229939051	0.999999999999956	-4.75723852747531
A5VLI3	0.869257161897503	90.6954979680939	-3.61936251263849	0.999999999999955	-6.70510407988531
A5VLL0	1.26149118783277	117.164149078183	-3.65802409229549	0.999999999999949	-6.5372572501016
P9WQM4	1.20965509717481	81.9843976078554	-3.46881139060431	0.999999999999936	-6.08268171466893
A5VLV3	1.54558871131839	49.4749383977302	-2.99883222740986	0.999999999999931	-5.00046954367311
A5VLJ9	9.03369048166517	520.733045239664	-3.53758992885141	0.999999999999923	-5.84908466746558
A2RGV3	0.491640879837407	31.4799624822475	-3.26804831433798	0.999999999999886	-6.00068513072803
A5VJE0	3.25944711319838	153.614978746117	-3.71267411745277	0.99999999999983	-5.55854782083643
A5VLI1	0.970977021182011	106.008241888619	-3.68257503271786	0.99999999999983	-6.77052356620914
A5VJ93	70.5222492746154	1564.88331925394	-2.99696349502153	0.99999999999977	-4.47183279130767
A0AHX3	17.6818606706062	409.988743297765	-3.46630164702002	0.999999999999706	-4.53524229614342
A0AK49	80.977722854855	2073.93283905849	-3.46586991084647	0.999999999999643	-4.67870029126881
A5VIQ9	8.25321879118756	494.586461623938	-3.26483850692392	0.999999999999162	-5.90512205253358
A5VHN6	0.949959828421102	33.0620275038926	-3.0086352259833	0.999999999998483	-5.12116488276761
A4W829	2.20582064653336	57.2602415792754	-2.99208121265891	0.999999999995618	-4.6981463605773
P58730	1.19309670338966	59.9175015923147	-2.99143385821539	0.9999999999935	-5.65019458150372
A4VX91	5.8161658518432	239.492897361064	-3.26143359023619	0.999999999992998	-5.36377065112127
P42399	1.2949484023341	70.1075222844297	-3.33264514698449	0.99999999999178	-5.75860272903053
B2GC19	9.28162557879842	400.135190806942	-3.33368239990775	0.999999999985686	-5.42996620486393
A5VIU7	0.575844613384032	27.8403947267375	-2.98956001101212	0.999999999980825	-5.59535629034274
P37643	3.81454496945167	89.2239949882532	-3.01376356332501	0.999999999970475	-4.54784887015636
A5VLK8	6.65057220165316	189.52568629978	-3.33502712534293	0.999999999968041	-4.83277110650478
O31844	14.4614409613468	212.778829083372	-3.01432897609822	0.999999999956337	-3.87907139670524
A5VIE0	0.944422166475184	38.6984235932978	-3.1380824552673	0.999999999940332	-5.35669908480261
Q1M0P5	1.98611003999821	104.526642884472	-2.98713109403433	0.999999999927548	-5.71778135142622
O06988	2.20335693325364	57.8485570747911	-3.13312405809221	0.999999999913853	-4.71450584566404
P39651	65.1833364131882	712.870523787648	-3.01570333036413	0.999999999906937	-3.45106496522649
Q56242	21.9066959253514	437.966833687196	-3.1391857278144	0.999999999896789	-4.32137781013233
A0QGK3	171.934210090362	4708.0725836979	-3.45612003148061	0.99999999988795	-4.77520802799537
P00350	19.1562993562267	601.290162648093	-2.98611845140122	0.999999999875635	-4.97217056462249
P31049	6.37165186419958	235.532698161189	-3.13233477589229	0.99999999987219	-5.20811610499503
P45513	7.60915617734553	296.507819480294	-3.14021359567809	0.999999999828957	-5.28418986775341
Q8DW15	0.730355050821202	33.4353189206606	-3.13149823864051	0.999999999806811	-5.51663108979327
Q839Y9	18.188962395819	543.227674837375	-3.33870728281783	0.999999999745452	-4.90042182909338
B2G7K3	0.546698402320744	32.2735599526885	-3.13092036378349	0.999999999736802	-5.88346375425195
Q88UU5	22.0764470458522	595.971713574966	-3.33934444741606	0.999999999652939	-4.7546639476329
Q03H46	3.25932889927034	136.534454544673	-3.13018442589895	0.999999999611798	-5.38854630979831
Q5FM13	5.11089240526245	133.86888617235	-2.98389947722513	0.999999999587082	-4.71110165801169
B2G676	2.06597635666148	95.8437547949375	-3.12924826062377	0.999999999375066	-5.53578877956082
A5VJ82	1.88868063062615	102.708986755154	-3.14295199899354	0.999999999312911	-5.76503984122053
A5VKS5	4.74175438960687	124.872868566423	-2.98238907208475	0.999999999108715	-4.71889530593789
Q88WR8	7.45511198698216	195.619090072864	-3.34158015410258	0.999999998859261	-4.71367333251886
A8YUE3	15.4529782620789	637.821187151174	-3.14404122680206	0.999999998755997	-5.36719520029607
Q9ZNI1	0.957850367291672	57.7350670040748	-3.02111420497513	0.999999998482042	-5.91350373618183
A5VIG0	5.75824439443225	243.436152647533	-3.34305569150754	0.999999997591571	-5.40177060622771
O32215	56.9611661161233	839.531703645107	-3.34345596021013	0.999999997074101	-3.88153422063461
P34038	20.9454656994914	632.306943603419	-2.97957388034645	0.999999996450869	-4.91591519596478
A5VIY5	4.04403803334666	172.041111172176	-3.44878443709935	0.999999995419451	-5.41081297866532
P39787	2.17394280628669	54.9779648775207	-3.12491668700402	0.999999994972489	-4.66046761303724
A5VJG2	0.803814257034929	33.8671125482899	-2.97879056640834	0.9999999949432	-5.39687901384124
P80864	10.9359238848605	177.843808740292	-3.0236289998086	0.999999994662487	-4.02346373896748
P22294	19.2366855354486	361.600377964552	-3.24882467602025	0.999999994653432	-4.23246403523323
P46545	12.8446892305275	437.707361233574	-2.9786324524663	0.999999994639003	-5.09072275636025
Q38UX8	20.8062864810502	388.675022763367	-3.12430028118563	0.99999999338694	-4.22347299938235
A5VM22	11.0303530419238	336.945867278941	-2.97685582258924	0.999999987700073	-4.93296595866882
A5VKT4	8.03275551864667	282.157017928781	-2.97643966284538	0.99999998468258	-5.13445945516295
Q8L3K8	1.63882379360036	101.361117493464	-3.02610898160856	0.999999982740904	-5.95069978083597
A8FDN5	9.05977867360423	179.034201321847	-3.14994702575538	0.999999979561022	-4.30461559869828
Q8Y755	7.02932430712032	143.093987584125	-3.12157407233353	0.999999977318908	-4.3474332279438
Q8DR59	2.2724560878673	154.918104974737	-3.15068232938279	0.999999971429939	-6.09110953212864
B1A612	6.01120363147589	257.646265181321	-3.44448748846438	0.999999967773595	-5.42159397658025
A5VJ12	1.70087179154533	70.5173214653058	-3.15182320384316	0.999999954524111	-5.37363137364696
Q88Z84	5.5901000728696	178.597723134675	-3.11822385991277	0.999999909116911	-4.99769576791252
A5VHR0	31.330627755249	2073.88080578649	-3.03082355518667	0.999999870490338	-6.04861549234458
Q5FLV8	4.97535123796767	127.536490696402	-2.97116366056152	0.99999985668464	-4.67996790213523
A5VJ57	1.8680202315592	70.4720021670573	-2.97060245111435	0.999999814039375	-5.237468217469
O26759	2.31684326389058	66.7880202872035	-3.03318415852279	0.999999667653091	-4.84935699760862
Q9CHU6	3.61799106660068	209.178087367387	-3.11442893452325	0.999999597512012	-5.85339907278173
A8GCZ5	7.96666040557144	209.151231341909	-3.11351417102556	0.999999452330198	-4.71442760285953
P32816	9.3386622869368	172.573671804225	-3.03547716135065	0.999999224051391	-4.20785266410207
Q88SY9	2.7235329183202	113.486372594663	-3.23621417312059	0.999999050057467	-5.38089595476023
Q5FHT1	7.70668236860802	396.40851026189	-3.11166553452634	0.999998923938037	-5.684734193586
A5VIS1	17.7079273217025	335.351890249789	-3.03649952788514	0.999998861274681	-4.24320847154502
A7GTR9	9.75579337089206	173.959115547245	-2.96525231245342	0.999998614143746	-4.15634526670738
A5VHS9	2.26734792863021	91.8665720106222	-3.1103877858042	0.999998345728049	-5.34046229837179
A5VKA1	1.27201656754539	52.6405758314706	-2.96481003897888	0.999998333011502	-5.37098590427004
A5VJ17	0.873137138354636	63.6154853258841	-3.43398560811069	0.999998201227108	-6.18702591285707
O84913	7.5408540835853	193.94889607661	-3.16132575033775	0.999998189114298	-4.68480482047535
B1MVW3	5.03679957568419	294.92173829116	-3.23401017343426	0.999998042865096	-5.87168103081558
Q927Z0	5.96873971922481	201.646283843546	-3.16215443323766	0.999997651598429	-5.07825666512705
A5VJG8	1.93959253680029	88.1502303300618	-3.10908489702811	0.999997493400084	-5.50613882646452
A5VI99	2.42069213053006	90.5480444434212	-3.23218348014827	0.999996463663214	-5.22519197310119
P32393	5.88030252768807	97.2893717199725	-2.9623354611936	0.999996181556272	-4.04831992250002
B2GB54	8.13584691188169	436.651249286899	-3.36073476380814	0.999995817485831	-5.74604512461684
A5VI81	4.0818164115818	230.054916833866	-3.23079697848281	0.999994604169256	-5.81662318491552
A5VLU9	5.36566073770412	183.649586919835	-3.36188796692383	0.999993884904592	-5.09705600267437
A0A481NV25	4.61102275716812	152.297895856285	-2.9603747821862	0.999992591992245	-5.04566541347947
A5VLL3	11.6565028321769	356.8373582976	-2.95923226141796	0.999989517365104	-4.9360597397291
P60565	1.55350606431974	116.823393844396	-3.42829888098075	0.999989350432495	-6.23265751888297
Q88Z97	9.48214625292413	237.534164865052	-3.0437237719723	0.99998859617306	-4.64677757754113
Q9R5V5	1.83378416716391	54.0035994778114	-2.95821931098446	0.999985804762657	-4.88015981815721
A5VJG4	1.27581049260387	51.6565434492243	-3.22550171667242	0.999977107231737	-5.33946515615676
Q8GJP4	1.72221906844611	110.829881992181	-3.42386116810306	0.999965227047563	-6.00793443651635
Q0K843	1.43559057990606	51.1245639077839	-3.09952265329308	0.999962995346763	-5.15430036522887
P0A2N4	12.1061518655323	535.74265258343	-3.22281039929404	0.999956579499509	-5.46772790000233
O33983	3.85884495483314	110.198356726298	-3.09870615614897	0.99995549204228	-4.8357898216686
A5VLJ4	1.34159331943068	103.456095909518	-3.04916993159128	0.999953611923808	-6.26892743490315
A5VID8	1.53020662894316	73.2662535769516	-3.0981503872271	0.999949292973576	-5.58135046313044
O34447	1.65774470077749	109.60031215868	-3.17363201071207	0.999944499500198	-6.04688625388457
A5VJF8	4.30219245405618	196.903872370474	-3.42132949111434	0.999936824848978	-5.51627561011521
B1IBW3	0.675973559071645	32.9583276596105	-3.17483567805073	0.999927853510913	-5.60753241416189
Q3S2Y2	1.88183164727418	80.3211841913856	-3.2193197318797	0.99991089317575	-5.41557106705286
A5VIR1	2.90497701421513	260.855415410495	-3.0949729981181	0.999901454524405	-6.48857982581445
A5VKV1	2.12592291007306	142.382368147173	-3.41860601142465	0.999886938380677	-6.0655374086794
A5VHK1	2.74973563455501	101.002722459505	-3.2173078080532	0.99987035234462	-5.19895744860871
O34362	2.8919822883747	67.0205733168176	-3.05452588466682	0.999859461127247	-4.53447340609737
A5VK00	13.660830842305	555.756745020842	-3.17917327634452	0.999837385694558	-5.3463364177064
P39282	23.4419646557807	440.010313213023	-3.18031190388743	0.999804455472346	-4.23037194758555
A0AKH5	38.3465406440812	1996.31183292586	-3.09102771606797	0.999801999743777	-5.70209684976319
Q5HKG6	1.44697628469703	55.2292074131235	-2.80897692065695	0.999791343693535	-5.2543182415956
A5VIR6	0.72070810979753	30.4397545928424	-2.80920330832954	0.999790672408028	-5.40039783814535
A5VJ92	6.46353039660972	108.556055663327	-2.80717611302039	0.99978554818315	-4.06997401303128
A5VHP5	1.18583916311273	45.6189754263879	-3.4149563811147	0.999775883256943	-5.2656537913014
P9WQC0	7.03389863276872	224.27082135322	-3.21318564085982	0.999753436777716	-4.99477357718506
A0A1R4LHH9	8.76503996989559	119.11532654848	-3.08913187510187	0.999736823750133	-3.76445457633655
P23538	21.0431537127419	1100.97853806648	-3.05883797278082	0.999719129705358	-5.70929159991854
A5VL77	4.4554575010622	111.110114510201	-2.94605701497175	0.999707806766675	-4.64027276300534
A0R574	207.029526518343	2392.24191794117	-2.80385577618357	0.999705793113796	-3.53045484649351
A5VKS3	5.57602176913211	311.591907164407	-3.08830035823735	0.999705019872624	-5.80427775960795
Q7WTB2	0.814729035703285	28.6510432904033	-2.81428326013852	0.999693929408457	-5.13612353901013
P96704	9.31238126221924	191.404572277172	-3.18467229590822	0.999647227818334	-4.36133135768974
A5VLG6	2.76258141442501	73.0911661773992	-2.80213540018799	0.999621527825881	-4.72560816504531
P11959	75.594395759049	983.860538474998	-2.81694283446268	0.999600311620062	-3.70210264070651
Q59935	37.1747142800553	309.409770516338	-3.08574000214789	0.999596465884654	-3.05712519574248
Q04C17	0.606762346576338	35.575287771366	-3.20907964672534	0.999595786771456	-5.87360005659747
P37367	16.0110917290038	465.869187871556	-2.81805196362476	0.999556953792458	-4.86278132754736
P94538	62.0942670647017	376.300244901501	-2.94385002324126	0.999554985593802	-2.59935224735243
A7Z8R4	5.28254027980986	135.712434682317	-3.41033274474362	0.999547130228292	-4.68317724097287
A0AK01	2.52700692685149	106.122617731901	-3.41023113087952	0.999541208226299	-5.39215873902233
Q5FM02	6.5292587774363	154.433802228667	-2.80073049761501	0.999531792506983	-4.56392553011155
P26297	29.8136332215902	540.630384374117	-3.18753338593734	0.999527706274106	-4.18059849176589
P94367	12.4439803608339	290.858245396468	-2.94332538970302	0.999513712126582	-4.54679627476417
Q2YWA3	2.51625242342307	42.7768948968191	-2.82002172613213	0.99947893962149	-4.08748320175484
Q88T35	4.91695386170799	206.14573377896	-3.18903822717756	0.999465553488151	-5.38975597681342
P20368	3.06580406792225	112.811670457711	-2.82044023690152	0.999462868306605	-5.20150701425893
A5VKT6	2.01805709698278	144.70878686124	-3.40887726631631	0.999455013205177	-6.16404172292041
A5VLJ8	2.64934280776571	222.713026782553	-3.19126244285356	0.999381577541296	-6.39340760436787
P55154	5.85826786816946	223.223285385543	-3.20364886441107	0.999381315330065	-5.25186955686768
O32083	12.5909428696664	211.613739435367	-3.20358103770406	0.999378980276784	-4.07097507220746
B2G5T2	4.16638417529627	215.792064995448	-3.20351452930522	0.999376691390692	-5.69470213146904
P08987	1.98505653170554	150.16296109056	-3.20336961772617	0.999371706939767	-6.24120510015833
P54425	1.85665766693018	88.1271452953952	-3.20324770579361	0.999367516439305	-5.56880673378912
Q929E8	1.13981687349324	130.642656371945	-2.82352477904233	0.999353242349113	-6.84068016540972
A5VK10	5.88914504643558	299.982129462229	-3.0672385870465	0.999351120573773	-5.67067454205935
A5VHS1	2.64245463397644	80.3744353848255	-3.0800217712546	0.999345163636191	-4.92678608927008
A5VIJ2	2.50013522415445	108.127580503114	-3.19331971803386	0.999320799574153	-5.4345846257007
O34735	3.72635201394804	100.078646489312	-3.0680533560134	0.999319786144589	-4.74722640634323
A5VKY3	10.5449027079904	480.341356111339	-3.40672405692501	0.999306937607527	-5.50944233677003
A5VIL5	3.64134046238486	113.976677172956	-2.82527084354726	0.999303878487119	-4.9681251905619
P10249	11.5629134347668	272.459503895591	-3.40656993820202	0.999295942735451	-4.55846496011162
P76234	1.49046518976961	37.828800932902	-2.79775041887643	0.999273248274125	-4.66565046142771
C6VKW6	26.8879742756792	1092.0159481637	-3.19730645705269	0.999265797642737	-5.34388904828312
A5VKZ3	3.30596172573128	111.911333519765	-3.07713151676624	0.999253986367118	-5.081142316409
A5VJK7	13.9959695427161	332.494959534826	-3.07031887054118	0.999253153048572	-4.57024913491983
C5D3N0	6.520648784956	147.747398575321	-2.94071397430916	0.999250653640393	-4.50197340309738
P75809	15.8398449199623	161.041561260386	-3.07641313650171	0.999239205179917	-3.34580294814148
A5VIQ8	3.21639932538423	238.5977139259	-3.40560402818738	0.999226523463842	-6.21298987754746
A5VI51	5.79147513102032	365.547253755847	-3.0743859143855	0.999214061606794	-5.97998324308777
P13692	61.2953298510691	296.141593749449	-2.79623426329652	0.999109241276531	-2.27243807157163
A5VLY3	2.01353579064619	53.4015516727643	-2.83818722980698	0.999080187292673	-4.72907864091349
Q7WTB0	4.2024427865648	69.2058597083285	-2.83974174236032	0.998996620663611	-4.04159411364331
A0AKM3	20.2700915817434	671.817097970617	-3.38769482448799	0.998988938936967	-5.05064400097967
Q10730	6.1041332823672	159.190211088795	-2.84275620758734	0.998744849050744	-4.70482135086474
E6ESW1	1.10187483787598	31.9609662829495	-2.79312697065291	0.998722260258631	-4.85827876385531
A5VIW6	10.4173364898487	501.280230508931	-3.39456809012133	0.998721253173107	-5.58855897739168
Q5FM65	7.95494442241449	258.790238345688	-2.84333247646198	0.998683969853013	-5.02378753805599
P77212	25.5423504295658	393.950129261076	-2.84388991619516	0.998617259871627	-3.94704981397788
Q48841	37.4790201154147	602.378686428825	-2.93606319265247	0.998598274988057	-4.00651558546744
P13484	2.58157240211029	53.4851977767931	-2.88706118990117	0.998591923599599	-4.37281771041812
Q9CEU8	8.67169294794183	128.921005457265	-2.73158719098637	0.99839520261879	-3.89402986107435
A7LXT5	35.4673035904877	159.835745084297	-2.72857676256234	0.998392701270869	-2.17202852506755
Q9AET5	6.17851628183701	146.73983206638	-2.88869330112964	0.998380113480177	-4.56985630021155
P37896	31.9255389321474	537.794898022208	-2.73276651374633	0.99837684097529	-4.07427318939767
Q5FKR8	34.0352530132288	734.573304315358	-2.84598284103722	0.998337995159312	-4.43180472727582
A8YVY9	5.1190842551188	93.3074200354718	-2.73509929355264	0.99831266899379	-4.18803415530968
A8YV16	9.90835580696086	259.997468242841	-2.72490880151472	0.998306875940688	-4.71370808828918
O31615	7.26296167816799	126.903323865261	-2.72489121133882	0.998306314692133	-4.12702807873634
P71043	1.33584032456658	44.0356958140258	-2.88963540979857	0.998247446046337	-5.04285398703206
Q5FIN5	5.21929129140553	107.82138940458	-2.72007403039095	0.998120865879473	-4.36864567360927
Q5FKK7	2.61091227751881	58.5508801486244	-2.74010884222067	0.998083645696363	-4.48706496644273
P75788	20.4701643423276	190.352966937825	-2.71855654161827	0.998061906628872	-3.2170824666222
Q48761	1.60397533219918	26.9025756712802	-2.7183375052754	0.998054132736713	-4.06802044438822
Q88WL7	1.35331058381793	42.5542552702157	-2.74097962503443	0.998039084942204	-4.97473852344974
E6ENP7	9.66402460927316	121.967461190103	-2.78749753760352	0.998007830355507	-3.65772837433483
P97046	3.80653285282149	85.5456953068404	-2.87062299926732	0.997996451153957	-4.49014582480456
Q38YY6	3.26981748817619	74.8996749467245	-2.71662212152731	0.997995298467973	-4.51767744163063
A5VK99	16.1839615455833	212.531828909697	-2.74199756709497	0.99798731904616	-3.71504221424645
Q5LYY5	7.31618449019761	191.260923115176	-2.74415282349738	0.997886538950523	-4.70830687819786
A5VLJ1	1.80324218576595	155.895745667473	-2.71184918737924	0.997880239247018	-6.43384457577715
A5VJE5	32.0531978021475	1029.62643221772	-2.93190657922546	0.997879461161781	-5.00550889013102
A2RHI9	9.67483782503654	122.597452857656	-2.76570719934064	0.997872807489684	-3.66354771679367
O07013	1.55050335985593	38.0052094081122	-2.7647878699847	0.997866897491988	-4.61538862630482
Q74JJ0	4.36011695384612	67.4967704906793	-2.7103936365067	0.997857858174842	-3.95237973652355
Q4A159	4.85693471565769	82.3482794141872	-2.71033022230336	0.99785695057165	-4.08362050691876
A8YW44	12.9331740713571	268.294172415429	-2.76902448343917	0.997848813820403	-4.37466742709171
A5VMP8	8.56512358170512	137.34109103839	-2.74505950965786	0.997847418889457	-4.00314545697061
A8YUW0	4.82670903145177	106.256913923673	-2.70618735664339	0.997798855342601	-4.46037304793945
A5VL29	1.59719277729265	111.112698004899	-2.84940967626697	0.997795073474055	-6.12034143465755
A5VKW4	62.5553673093505	511.48553771173	-2.75856086078345	0.997764635823872	-3.0314878688413
P13470	3.7981553924493	73.9020494119114	-2.74841217527389	0.997742887559814	-4.28224353674291
A8YUN6	12.6285195316893	224.994424264642	-2.74958848024129	0.997719048087507	-4.15513182557629
P25241	1.02097835889605	29.5046674391695	-2.75053354011909	0.997707741147643	-4.85291900548518
A2RGX5	132.562364571162	1298.31022211011	-2.75409171677733	0.997701322505051	-3.2918919993987
Q5FMS7	21.7096531362844	371.724816154631	-2.75405554651149	0.997700994303573	-4.09782642424187
A5VJC6	10.3525638522868	203.477278157125	-2.75133511580866	0.997700740111353	-4.29680769495937
O34979	71.4033087762405	529.159497845321	-2.75174628728954	0.99769881170203	-2.88963980685065
A8AZ08	1.5336934508481	48.163776107094	-2.89344678938126	0.99769644334277	-4.9728664497792
A8YWP6	6.97788620640504	225.048216191868	-2.77558396157537	0.997648414377116	-5.01130024863557
P0C1G0	3.5463867915019	79.7396437402812	-2.70066270761309	0.997643564594704	-4.49087536026723
Q93G07	20.3988262163333	639.696159632193	-2.77595322349151	0.997635736754629	-4.97082877764309
Q93QY7	0.596521678629586	17.9741232648057	-2.77770534849087	0.997590411699622	-4.91320302199939
Q03HQ0	61.4692290222856	5681.82083849457	-2.69900018951234	0.997565479947962	-6.53034514018418
A4IMD1	2.11565920250614	86.774584447042	-2.92769766295659	0.997186331554286	-5.35809339406421
Q5FM93	3.22335316265582	81.0097974443088	-2.67020114334108	0.997154101288362	-4.65146223096706
A8YXK4	7.47677423333252	221.75762475198	-2.67143782045538	0.997150615808051	-4.89042392925688
P39131	94.9051966242382	470.858854633196	-2.66962319806921	0.997150153272058	-2.31073566952236
A5VJ98	3.07772817058271	104.396513591378	-2.66959281537065	0.997149946360946	-5.08406390610946
Q2YSL2	0.580505407298385	15.0650281767503	-2.6688140925178	0.997144664692117	-4.69775005545666
Q5FMJ2	11.5363055018474	322.481175723156	-2.67309258381143	0.997131049991613	-4.80496176774857
A5VLA3	1.10578013729019	40.1663541091246	-2.6735890873054	0.997121022351833	-5.18285104666066
A8YUD6	11.317860056844	276.597418396911	-2.86509112143662	0.997096985478502	-4.61111458214533
A2RJ04	2.92974654957514	50.0422503162904	-2.67482999763512	0.997093026350143	-4.09429889797508
A5VJC8	1.60773610991533	55.4014382340738	-2.85394840197772	0.997092238567452	-5.10682089901977
A5VJE7	51.3148707616244	1770.8000051775	-2.89951796479014	0.997064571093308	-5.10888050118992
Q70XJ9	3.70506546514901	97.5118469772918	-2.67801811936222	0.996996869265015	-4.71800656743934
Q6WVP7	1.6738640940178	44.4621029782052	-2.62646881404539	0.996996043125582	-4.73132188580843
P42974	32.5172520833911	853.044062778997	-2.62480747716454	0.996994412012976	-4.71334301314918
A8YXF8	3.86126642462516	132.976394103684	-2.66361255958477	0.996991438436861	-5.10595224915908
Q5FIS5	6.74989930358144	187.029796836193	-2.62680674991183	0.996987270486021	-4.79225834268341
Q84BU6	28.3483351499554	826.002561583004	-2.67963039161002	0.996947378060005	-4.86481033999465
Q9CFC3	6.32902876489371	124.500240847424	-2.85548029051111	0.996914920945183	-4.29802059830329
B2G552	1.71660757789298	69.0350323042249	-2.92564190521633	0.996914167601816	-5.32969647593923
A2RE43	5.86267215258098	130.593241451607	-2.66160971938204	0.996890958709445	-4.47737804346462
A5VLG2	1.52105282521704	80.846029534515	-2.92518223905644	0.996867615458903	-5.73203475965275
Q5FL82	23.4974563041645	502.920306547975	-2.86293039969947	0.99685425690071	-4.41975331396534
A5VJ94	17.7828973029067	422.414100083955	-2.62147516259975	0.996807227277142	-4.57009569082678
P82371	23.9315447450238	355.277170099872	-2.85725715231099	0.996770936108969	-3.89195955614251
A5VJC5	10.6225158298222	266.430872010965	-2.85881253878564	0.996708623161697	-4.64856386208496
A5VKR6	1.95751985417531	71.7327007440757	-2.85946067756205	0.996697327885912	-5.19553210416042
Q5FM18	9.74468501955716	190.687132382918	-2.63244836563169	0.996582011163162	-4.29044812971245
A5VLJ3	2.75176320163176	270.170751140071	-2.9171635729342	0.996564725977817	-6.61737135911696
Q045T6	8.92270773745084	206.758089020774	-2.6326595946219	0.996558623146694	-4.53431837767676
Q1WST3	1.33656345567501	35.9670422303291	-2.61910472521192	0.996547570010063	-4.75007528474798
P42319	11.5631818952358	135.421839318905	-2.65547170443463	0.996465280687637	-3.54985006861485
Q5FK38	1.33195545731607	46.5207557469618	-2.65434497071153	0.99637241105105	-5.12625679177963
A8YVW9	10.4632212403894	209.549182620095	-2.65400073151247	0.996343853874219	-4.3238899162785
Q48793	6.01078933909665	152.229719075168	-2.65336147812625	0.996289946804125	-4.66255176789181
A8YUL5	11.9685007235732	362.686761811981	-2.65332845089293	0.996287158859024	-4.92140974298457
Q8XAR5	1.65535866909992	38.6341259233833	-2.6171141016703	0.996269768047596	-4.54466001115164
A5IKD4	45.3653355448425	144.631032957886	-2.65243726576152	0.996212084540054	-1.67271490456559
A5VIN9	25.9380748901391	297.254727571207	-2.65146413124734	0.996130928182119	-3.51855644229916
A5VLJ0	1.05048769899191	81.5745245498264	-2.63664957226726	0.996113303609507	-6.2789875001742
Q9P6J2	7.55852864903063	248.17650424531	-2.64458480975849	0.995732703655382	-5.03711730134906
A8YVH1	8.23993239172672	176.560823264069	-2.61268804422851	0.995552842180694	-4.42138895127909
O34989	2.93489488087168	29.9128567892703	-2.61148683596223	0.995355595054819	-3.3493849634227
P40194	3.0669145715365	68.6610592683541	-2.61065497157223	0.99522446737005	-4.48463222842696
Q38XD1	2.00040631795921	36.9159028343024	-2.55227216132352	0.995131735227533	-4.205877470444
Q93G08	4.64587906102664	156.453543883613	-2.55840384204906	0.994767939776198	-5.07363892852041
Q9L4G1	2.19052052080251	64.1641836604024	-2.54625490656007	0.994687555863112	-4.87242257706746
A5VKG0	1.27181485507857	32.5333827766205	-2.58729551005819	0.994331289392807	-4.67696026948236
O05241	30.2405212373468	154.603909530007	-2.58116817956609	0.994326820265583	-2.35402188998535
A5VIK4	10.8792123972515	293.497048031993	-2.58810161222617	0.994317893084049	-4.75369997161947
A8YWE1	2.4844221722072	58.3779929805573	-2.58051426976184	0.994314429816999	-4.55444235884307
P23189	8.79870880655852	175.463606637786	-2.58889448092065	0.99430089501904	-4.31773619162324
Q84BU4	13.6667232151265	407.264630293319	-2.54399137902267	0.994296662409874	-4.89722724252417
O53079	4.75542735943014	133.891764385423	-2.54386146201991	0.994269039757278	-4.81534841509443
Q5FM60	3.90936630912348	117.781418831615	-2.59331753823635	0.994194335247271	-4.91303337563073
A5VJX0	0.546039445981722	15.5738816145556	-2.59898494145194	0.994160062161401	-4.83397957905347
O32507	11.3639956527771	118.138749762496	-2.57517527845754	0.994154631818381	-3.37794015955712
Q5HNJ5	1.53381262974208	41.9929487359054	-2.57516744429903	0.99415437605804	-4.77495293810143
P56103	2.23233500891117	66.8156081918125	-2.59615480347193	0.994148912804166	-4.9035597017294
Q88VM6	52.9066267737913	763.937275481847	-2.57479650139973	0.99414233212497	-3.85193384562284
Q8VM67	0.652455716583066	17.8058035025567	-2.56873152199512	0.994063175462515	-4.77032374329374
Q03D58	11.4992168351421	259.891990077046	-2.57059745455353	0.994055449919387	-4.49830465680603
A6L2R5	461.263016807553	1045.77300023314	-2.54212526690606	0.993894704578271	-1.18090819867287
A0AMD2	56.6331056102001	681.804064213369	-2.54125087137739	0.993695511698258	-3.5896396486651
A5VKE8	0.583327606055166	22.2920571611259	-2.48707215097154	0.992757459590634	-5.25607959615734
P40149	29.2267186488132	539.916418704256	-2.48386794999333	0.992721768934041	-4.20737632075369
Q00054	8.19462660125532	143.627429725146	-2.49014252770632	0.992719894796027	-4.13150927616324
Q5FKG6	5.80186914128642	182.657886262492	-2.48361582144039	0.992713170466563	-4.97648247671876
Q5FM87	33.6284193854221	774.819744070903	-2.49223214577522	0.992677371203379	-4.52610784185691
Q38UV5	6.25774602894406	153.488182194793	-2.49225673386649	0.992676849835223	-4.61634066161613
A8YVT2	3.13381196277324	120.832893233753	-2.49248018471349	0.992672115344925	-5.26895081279497
Q5FMD6	2.33392782046493	65.1905124877026	-2.48157148661818	0.992615136975281	-4.80383016710355
A5VML0	1.35824035568654	31.2176011190702	-2.49539302340434	0.992612572690592	-4.52254897115492
A5VME2	4.87696246414188	122.262794547521	-2.49759964932987	0.992576581609281	-4.64785876927158
Q5FMJ3	2.89587034767559	94.5748722923385	-2.49950091037849	0.992553043053101	-5.02938800573006
Q02149	4.28088423952302	86.2532380357308	-2.50109407652493	0.992537049173549	-4.33259788916596
C0H3X7	2.00148548856911	32.3334830783429	-2.50948914170208	0.992389640264595	-4.01388586724031
Q5FLF6	12.3119559129085	257.551849554957	-2.53559047031646	0.992380888260161	-4.3867310246656
A0ALJ4	209.220339035759	954.482512781744	-2.47858629933019	0.992355045392261	-2.18969565824001
A8YXI3	2.2580125994591	66.4361810776944	-2.53543759598768	0.992348281985985	-4.87884370454388
A8YVK0	6.84579246810673	185.508609681226	-2.51171481456828	0.992289402232349	-4.76012477806076
P19994	7.40907834065452	109.177494619483	-2.47715381241179	0.992176094651311	-3.88123759744012
A7Z7M2	2.79257932123932	59.9373485744843	-2.47703680096198	0.992160069932583	-4.42378510018061
Q03CI6	7.0729178105752	194.339682556424	-2.51402623595685	0.992140897929359	-4.78013121032583
Q5FM22	18.4819032604988	479.786568107922	-2.51489938163077	0.992075859362087	-4.69820753135413
Q02VA9	16.0287166867127	297.439559096647	-2.51493180625635	0.992073248337573	-4.21386570863978
A5VI16	23.5520132810855	193.337445058433	-2.39185958035098	0.991967975583783	-3.03719878660989
Q5FMC0	0.969014703827492	24.2716543190156	-2.39203117286976	0.991961699127263	-4.64661007625455
Q5FJP6	2.17849020675095	64.9200296963759	-2.39229540450389	0.991952024324641	-4.89726312697167
Q1WUM1	3.43301878397325	64.4715050593987	-2.38501488060434	0.991937136321951	-4.23111200674769
P38059	5.16752941329938	90.9728064620398	-2.39277090284472	0.991934583958201	-4.13788875966803
A5VIJ8	4.40301878479818	45.0786767591039	-2.39361270549869	0.991889915941496	-3.35588026278037
A5VK34	0.505686801457264	11.8175456453739	-2.51725189143032	0.991878674448621	-4.54654250262272
P35880	0.932014169340948	22.9681980454568	-2.38340631188038	0.991853495750403	-4.62314197703042
Q5FK48	1.56829914022912	29.8905286095169	-2.47498047130999	0.991844817108683	-4.25241573799876
Q5FMG0	11.5860744304424	290.424630770758	-2.53223283894347	0.991769915259376	-4.64770006945798
P16524	4.53479995067383	61.4587706605742	-2.51913118393024	0.991712578396353	-3.76050809561686
A0A0H3GCG4	115.093068484607	760.338909741369	-2.51931080747494	0.99169730211489	-2.72384167240241
P43472	5.95846490879137	70.9230207917615	-2.51971631037831	0.991662709294522	-3.57324138632729
A5VLS3	0.605158803244409	15.3921618112332	-2.38075190601245	0.991658291101947	-4.66873828243924
Q1WUC7	1.14146502594489	38.1250777937677	-2.38016684856106	0.99160480979102	-5.06178171964396
Q041J1	6.4858027231771	123.962248851585	-2.37971696235355	0.991563623008427	-4.25647188017482
Q5FJH9	4.73508881107358	105.297482193999	-2.39793166960314	0.991557503809194	-4.47493564469154
A8YWB7	5.54989301834756	115.039779059364	-2.37956877396953	0.99155004468552	-4.37352903804342
Q04707	8.01070822356602	89.9522283989337	-2.52141149348519	0.991526637581646	-3.48915732051544
Q88VM1	0.932910014031423	45.4231277076947	-2.37873282857865	0.991462541377154	-5.60554530978794
Q1WVA2	1.46896752795569	32.607654813638	-2.3991491170296	0.99143333505915	-4.47233627417346
P25889	34.2358856339089	247.207730370177	-2.52431407959344	0.991363169156794	-2.8521426195937
C4L3Y8	12.9517651805556	155.136962455368	-2.52675478491366	0.991335733699648	-3.5823218198078
Q5FIJ4	0.8196565152122	22.1790660620703	-2.4001798002176	0.991321195210452	-4.75803534471376
Q1WS96	0.895972391507929	22.7209191521206	-2.40132576637799	0.991188264682434	-4.66442311082194
A0AF03	0.635752651945263	17.3262745562445	-2.37571748528035	0.991104510260442	-4.76835209873272
Q5FM92	7.30653736767956	133.646854598747	-2.47091835246309	0.991047536466616	-4.19309421141917
Q1WSC1	2.20174828890804	44.1518995050107	-2.37361961932067	0.990815371506423	-4.32575405709086
Q5FKD8	2.68900349490702	41.627697498765	-2.37313505154089	0.990743028219464	-3.95240022728202
P50840	167.115967960509	550.296644186924	-2.37226262891932	0.990612153380239	-1.71935994111325
P0A697	8.43770489657196	61.8771188917165	-2.40805933126608	0.990379022662	-2.87448348771414
Q74JL8	9.9297659515745	191.165393621481	-2.4678511739495	0.990363448978607	-4.26691785458158
Q797A7	88.3947151161906	344.413687877678	-2.40893493972043	0.990277508230714	-1.96211045782532
P37747	422.487425251359	698.59808387831	-2.40895820693148	0.990274928967285	-0.72555428347088
P96663	0.661753445063354	15.5517360170076	-2.41005369016157	0.990152318381112	-4.55463802465141
O51568	5.31116404776253	84.4916025268896	-2.41062831986706	0.990087683953415	-3.99170796532155
Q1WVJ7	1.961350321442	35.3787075302195	-2.41097688546598	0.990048704423448	-4.17296219700289
A6LCP4	192.920706631948	550.604191340166	-2.41294023162539	0.989822945993169	-1.51300759259918
Q5FM84	11.6446276440283	206.53062449747	-2.36709158949624	0.989756235408565	-4.1486193084099
A8YVM4	4.41672767250614	145.660628297178	-2.36642235722047	0.989639523705526	-5.04348928187966
P0C2U2	35.0975824293479	265.305681189347	-2.41607429590289	0.98940775591856	-2.9182120051982
Q48733	1.04295655949762	21.5989795983192	-2.41695887736658	0.989265377628646	-4.37221218259454
A8YTZ6	5.02139330445558	146.741960411625	-2.36359654877158	0.989147421719421	-4.8690499243628
Q5FM78	1.21663212294132	42.7796867685933	-2.46244982393731	0.989133538432395	-5.13596101252137
A8YVV0	7.96387383882139	239.099124125063	-2.36346542182808	0.989124467654955	-4.90799466839164
Q7VNV1	28.8142613959303	241.879953192075	-2.41803412433562	0.9890772636295	-3.06943626061257
Q7A3F4	7.04894212284268	183.783000915563	-2.41858427109637	0.988970059188966	-4.70445276006892
A8YW41	5.82307876971411	124.384506710907	-2.36238730003853	0.988941683989473	-4.4168808503921
Q03FV9	0.557337144333469	12.5569742276708	-2.36179419231253	0.988841893084182	-4.49379475246692
Q5FKF4	7.93840719478455	206.053500043781	-2.36126236204524	0.98875574476235	-4.69802559313094
A0AJM3	4.27683776608217	64.9068993986652	-2.35928489229144	0.988444414008801	-3.92375545290652
Q5FJN6	8.1060133735198	182.490507515436	-2.35868953795258	0.988357294926994	-4.49268505644876
A5VLI0	0.465889644656695	14.2587191998424	-2.45828503340715	0.988193400455838	-4.93571232223509
O07685	3.2164849262975	48.583707253524	-2.45823017077552	0.988180817229434	-3.91691574842749
Q1WVA5	1.54968567960465	32.8787494542988	-2.42263359764772	0.987983967044042	-4.40710789641152
Q02115	3.2898537308107	34.3494520352074	-2.42282515088494	0.987927697935787	-3.3841917371454
Q74L90	3.42981557553234	55.4823628075941	-2.35124664955507	0.987579285388719	-4.01582632000638
A8YUQ2	3.54514251801635	73.4301542615793	-2.35046945310464	0.987533508213395	-4.37245709935853
Q9T1D6	0.472356616469764	10.4475772370882	-2.42432221076485	0.987466759198771	-4.46714814737677
Q74LA3	3.44153784903854	102.739874056318	-2.34794156911075	0.987424971917708	-4.89979902366256
P43099	1.15438096432449	30.6940317633096	-2.16586592276008	0.987419780969218	-4.73276684075791
A0AHA7	88.8882232243267	981.084891782111	-2.16579932588654	0.987418685086322	-3.46431378148235
P06573	0.608178740444095	9.18823945510564	-2.16522401251708	0.98740891503061	-3.91722116397067
Q1WV14	0.709200596011501	13.8718893142686	-2.16996543479532	0.987401227720421	-4.2898267333523
A0A0H3JQ59	5.39723319605383	57.2335285144639	-2.17093425172035	0.987377288207133	-3.40656862577158
Q5FJM3	8.83723135018901	135.773981629572	-2.17234051813898	0.987336639197571	-3.94146877917842
G9MAP1	2.46601654082576	68.7452170490623	-2.16345299527572	0.987334845859606	-4.80100495968277
Q5L8A6	367.540409267874	877.687607360318	-2.34431739071819	0.987330132457394	-1.25580466120843
A0AXY5	176.143679556333	819.955242360484	-2.17641375662199	0.987233354334688	-2.21879245317974
Q74L13	2.28717273255531	42.5859160914477	-2.34052988993585	0.987226373123711	-4.2187391541738
Q1WUF0	3.96351318583509	133.138313709328	-2.17700350206832	0.987221981493644	-5.07000221454098
Q74L58	3.08300317860901	57.4260827354703	-2.34030308350069	0.987218418787993	-4.21929787104516
Q1WTT3	2.0258055623665	38.4536754103278	-2.1785501131952	0.98720266290191	-4.24655388242519
P94870	13.806769512421	118.733448793992	-2.17924203703549	0.987195396465116	-3.1042787141132
Q6GHI8	0.554451144365673	14.665445088141	-2.45395159393042	0.987154894303955	-4.72521670406296
P0DW47	4.73218878939708	30.6798462736572	-2.18340860214243	0.987112526510473	-2.6967117181331
Q1WU88	0.6304308973551	11.8962283622952	-2.18454755519806	0.987057687505429	-4.23802219392953
P71241	150.151627569795	293.419271771822	-2.15963735295981	0.987019392826686	-0.966543517219755
A8YV39	18.100310982935	121.860356754909	-2.15931823547558	0.986984956125945	-2.75114247937047
A0A1D3PCK2	19.6217958025167	251.25392224362	-2.45323222398602	0.986971696386542	-3.678617128591
Q5FL49	4.80802050015246	102.421260954361	-2.33524352896244	0.986904658299008	-4.41292836841347
Q1WRR3	0.56469007630623	9.01409625411237	-2.15778808156602	0.986792185697457	-3.99665167232271
Q5FM96	3.32269488679539	43.3142902283508	-2.15778298856943	0.986791454203866	-3.70441735086816
P37247	81.9883962406042	205.991977361359	-2.15763540059417	0.986770247421829	-1.32909650508752
P60750	1.61695052681561	41.1586707778203	-2.15760818309869	0.986766334639642	-4.66984894800591
Q5FKQ9	1.33125037934045	25.6106596194468	-2.18749112240486	0.98676520477442	-4.26589056942931
Q5FMB0	1.34439978810125	29.0328174599815	-2.33368925345173	0.986741793762718	-4.43265045813874
P54992	251.580514226971	630.409308172533	-2.15723722184833	0.986712945462869	-1.32526865188457
Q1WS93	1.50013177833516	41.467680040576	-2.33309897806415	0.986670018940525	-4.78882619195192
P66775	83.8892183322862	770.531532904401	-2.42718094570219	0.986498329831403	-3.19929668953635
Q74JA9	1.56375542929473	41.9581026808378	-2.15564666884381	0.986470734348164	-4.74586264313222
Q9Z4H7	10.1742554629133	56.248023794687	-2.15560878480009	0.986464641364618	-2.46687918585175
A6VFM8	2.10088120125416	38.5285091832527	-2.18922526132955	0.986461579786841	-4.19685987443236
O06993	6.86716767232791	61.2957839853495	-2.18955731608338	0.986389576998061	-3.15800075188264
P0C1U9	360.14138416813	1832.84049110569	-2.18964559010882	0.986370387363721	-2.3474459405787
Q5FM94	2.04846266629169	42.1704913120508	-2.33085157257425	0.986342805985608	-4.36362032527782
Q96VH4	2.07497147115937	36.6608114114735	-2.3308476261797	0.986342109941298	-4.14307531125715
P54524	1.48137428690926	42.8305293731805	-2.18997678729447	0.986298207758886	-4.85363140270788
P27837	36.3803802626572	394.755499865636	-2.15358458841981	0.986118873518742	-3.43972683851411
Q1WVA0	2.37453927134913	25.2489078637494	-2.15349477162728	0.986103040767034	-3.41050146420332
C5VZF1	5.41346566222012	85.2017188598524	-2.32847587113491	0.985886834157972	-3.97625813764206
P82593	554.547429720268	1207.10362552927	-2.32815708962733	0.985819547049139	-1.12216676901224
Q1WVA4	1.52661635194923	37.3933538328989	-2.44847260297407	0.985694756338908	-4.61437241851896
A2RDW5	0.981819761076468	30.0225764054762	-2.19251556710319	0.985575503409023	-4.93444577368493
Q8A8C3	296.205424759639	811.621341306429	-2.1501495029947	0.985444621367046	-1.45420873812129
Q4A012	91.3706586530768	248.895793450597	-2.10978113658626	0.985430203033627	-1.44573898755602
O50523	73.2160598559693	850.002596578342	-2.11187578389182	0.98542956859064	-3.53723520660409
Q5FJS7	0.970631603383104	19.2754594944843	-2.10936105773954	0.985405227480618	-4.31169760729473
A8YXJ3	5.79547324749471	167.321034083249	-2.23654085257197	0.985373391882293	-4.8515485352728
P72367	0.797943177883119	22.5783136756498	-2.2400143214607	0.985360079444849	-4.82250791346796
Q1WS90	0.644052811866819	13.3477261260937	-2.23334824850351	0.985308307883992	-4.37327118678078
Q5FM59	0.785121940176981	24.5877900665146	-2.24309913252864	0.985300195837281	-4.96888152042675
O31824	0.985306772272566	12.8881521475304	-2.10853053476538	0.985299790964509	-3.70932864714101
A5VKX2	0.496216632994789	8.79458885569487	-2.2444305991716	0.985254075385839	-4.14757413397909
Q5FJN8	3.79451556142512	36.312394825435	-2.10799329387779	0.985231203896998	-3.2584744635458
Q4L376	5.43965232826047	70.614187916122	-2.14877954345723	0.985152218183873	-3.69837173058054
P33486	1.27305931439793	20.0609256759393	-2.23019285101518	0.98509726288211	-3.9780166341114
Q48558	3.86209174709433	37.8874609576843	-2.14802685587009	0.984986275419318	-3.29426611815145
P83534	33.416125962857	192.72768120164	-2.248684118208	0.984978945504682	-2.527947406736
Q043I0	122.540438996487	878.614183657048	-2.32479793275648	0.984939042388292	-2.84197186451633
A5VK78	0.496139861004641	8.30649041374795	-2.11541993180155	0.98493292075428	-4.06542027434134
Q5FM76	6.66062273436079	148.158775276713	-2.24923992566076	0.984924303437115	-4.47534319954672
A5VLK1	0.593325519640293	11.1408357034292	-2.22754703987444	0.984742358618728	-4.23088981069489
P0DX43	132.963174620743	511.775751006119	-2.11624586322338	0.984738271100806	-1.94448505778903
Q5FI43	0.966717348454018	24.1442644247232	-2.14680779312826	0.9847116905676	-4.64244256892997
A8YTD2	4.34342508377508	126.565067916998	-2.25164091042842	0.984636998075951	-4.86490231037193
Q58178	1.13413857789124	24.6655473676704	-2.44422665615654	0.984629740341917	-4.44282846749379
Q03RK3	0.430701005670153	7.32629162167597	-2.22679191652104	0.984612825142835	-4.08832453106398
A8AVB7	1.21553422674249	20.2562624528841	-2.44398144983809	0.98457973964482	-4.05870558032746
Q833W8	6.56371823735977	79.7164377928887	-2.10518409701713	0.984472115599856	-3.60229202907199
Q74L09	1.03583333986297	37.1548539194528	-2.19546700439329	0.984464640296296	-5.16468689235514
Q1WU83	5.14870906170636	101.393311427542	-2.25322529164471	0.984401842356582	-4.29960792554543
A0A0G2Q9D6	468.865085250964	1125.71012069658	-2.19563430523016	0.984395388172879	-1.26359061410399
Q1WSW0	3.4406470471357	58.7783319340539	-2.11852774849554	0.984147360291643	-4.09453260904743
B6EH86	21.767149717966	121.367814581512	-2.22445554219907	0.984086461129388	-2.47916147289376
A8YWC6	6.70788253559646	82.4633706904789	-2.14398827575901	0.98405701815719	-3.61982410196609
Q5FM97	4.58608304288036	74.0786701231174	-2.11908373099329	0.983991327359582	-4.01372381525765
Q5FJT2	17.5662778009435	119.287126285548	-2.43896782419093	0.983962811665497	-2.76355792320599
O83578	101.485555813206	254.636526184243	-2.11976408555807	0.983801396420554	-1.32716497378697
A8YWU4	2.56318047496287	39.6736856032717	-2.25716823596415	0.983702652513711	-3.95217545881315
A6L9S5	301.975706894841	755.904842309884	-2.10321765406936	0.98366025144916	-1.32377213763137
B3WAJ7	0.690755945984675	19.1725736322529	-2.25858272103924	0.983437525120467	-4.79472412436523
Q65CX5	1.37728377048023	24.2853466301416	-2.1412676945689	0.983424338384271	-4.14018833562574
A6L5E4	135.087246781115	363.485598065849	-2.25911634500099	0.983337456084111	-1.42800672299578
A0Q593	5.48756358018974	40.4954829522702	-2.31967259287106	0.983208427392768	-2.88352333704032
A5VLG9	0.756352943778133	12.1631289423689	-2.25985630753621	0.983204143996693	-4.00731098758998
A8YVQ1	1.11999359654608	22.7888097980127	-2.10208466334531	0.983105873294042	-4.3467631893008
B2RGR5	301.622995840979	883.135515677897	-2.13971544859813	0.983079595747474	-1.54988840965219
O03979	4.56778856436133	37.6176729940117	-2.12244468682562	0.983069804377143	-3.04184283008903
O30417	26.8951523240362	172.224191867555	-2.19892008598826	0.982959921612216	-2.67886974350311
A8YUJ1	8.04662926692415	217.670120857618	-2.2204201909932	0.982885565139819	-4.75761501022145
Q92NU9	24.7138673607719	78.5452141707839	-2.12332308603148	0.982855364310742	-1.66820258439321
Q5FM80	7.89718518122351	110.016978296495	-2.2619501842344	0.982845195251818	-3.80024385311266
A6L6X0	226.951694389503	446.278198186464	-2.12346191493197	0.982822510668197	-0.975558069751627
Q5FMT8	1.13219032173089	16.7440668288731	-2.26273545295248	0.982727794083846	-3.88646157340814
O52071	163.718128799652	580.235744066151	-2.19977010025273	0.982592817629567	-1.82542508928182
P80239	90.4680263310328	560.098789208154	-2.19983017867051	0.982566816075811	-2.63020140675943
A8YUK0	2.28748231073626	64.1580697161967	-2.28227088876045	0.982349009495441	-4.80979824489157
P26424	3.37755130048143	384.543058791254	-2.28240480046647	0.982347155760853	-6.83102365889363
C0SPC3	6.80821935160439	72.6415307905606	-2.27940634511101	0.98234372443241	-3.41544518060612
Q84BU3	11.0869383427501	230.363443660386	-2.27865221934319	0.982326235673917	-4.37697886841208
P54439	4.25879567943757	37.935727802991	-2.2663071955199	0.982308021249762	-3.15503979459528
A0R626	1.93115143123137	22.239712811408	-2.13552760718301	0.982301895911712	-3.52560495543234
P0DF46	1.92174734683941	28.7545176132113	-2.13507625563352	0.98223956959024	-3.9032980534321
A8YWG1	1.58678192465212	47.396942710417	-2.28594967933866	0.982160381306846	-4.90061822883288
Q8KRA0	26.1704389765518	231.953121260246	-2.12752864595078	0.982098877625314	-3.14782323072307
B3WA65	2.23401506260271	69.2108496582092	-2.28666498130087	0.982092211708113	-4.95328739773278
A8YTZ7	1.88306275824873	45.9914542579757	-2.21765207943623	0.981963539436412	-4.61021282906461
Q5FKY2	3.16183304033179	131.002082432331	-2.28788434128929	0.981954618113748	-5.37268474643769
Q1WT04	0.890134796694684	21.4472280194286	-2.28820017575144	0.981916051545292	-4.59062356042946
Q1WT99	1.10036695617758	24.4175958239831	-2.21734702436213	0.981863832753221	-4.47186453175375
Q5FJM4	3.02210072040354	88.6907513808918	-2.31467266287884	0.981409054755834	-4.87516002050797
Q1WSA7	1.25084982522967	35.0198841983028	-2.29423475823656	0.980875647156987	-4.80719381550742
A8YVR8	2.01216999912687	51.8187510839929	-2.29426662588403	0.980869338069698	-4.68665014247201
Q5FM63	2.48982547670191	47.0318137310363	-2.31249600001739	0.980731278483883	-4.23952044341145
Q1WS97	1.4139905975269	29.8018991464605	-2.20688345576538	0.980403674548039	-4.39755983840212
P45627	10.8899465230473	129.075402216158	-2.29672948028549	0.98038677749052	-3.56714531915325
Q1WSX9	1.6337455024902	34.4907014167377	-2.2080020531855	0.980281098789064	-4.39995229875356
Q1WUC6	0.568228428718898	17.7198435450843	-2.20814769354606	0.98027653842916	-4.96275104364466
O32755	298.487557161942	2316.23615276133	-2.20837745860945	0.980269323328584	-2.95603965410592
Q1WS91	5.59857230837889	77.4925204671575	-2.20969995011405	0.980262455463871	-3.79092619142333
O07016	0.51337223390868	7.78442655001606	-2.20865316063199	0.980260632283231	-3.92251359121794
Q74L95	0.71490289967461	26.8383524786109	-2.29793938884821	0.980166318801443	-5.23040499766564
Q4L818	2.23295812457853	81.8370951996391	-2.29889397609778	0.98000323430439	-5.19572683648381
Q8K7S6	210.538900040747	877.023906099294	-2.30276009410701	0.97957208800357	-2.05852935224449
P09122	389.508209138765	788.670313323054	-2.30530535430184	0.979539048057012	-1.01776860425402
Q1WSA5	0.538960587476734	15.9067726294304	-2.0960003392043	0.979438320777736	-4.88331756561117
E0RQS7	1.27104143113583	27.508688115462	-2.09592781579934	0.979392961093157	-4.43580437680456
A6L6X1	147.495281522242	325.500241568477	-2.09569490996763	0.979247174802479	-1.14198981169667
Q03PA4	0.664651806915534	12.0059766468641	-2.0923834582082	0.977270900316274	-4.17501020698527
A8YVR6	0.870421906472719	19.7372884852679	-2.03737327252113	0.976051089702749	-4.50306512900876
Q8A7M7	193.90069333232	438.820207636562	-2.04120906209398	0.975819951094746	-1.17831200115512
O34726	0.846429344500116	33.133310187727	-2.0352339764	0.975785972390402	-5.29074888853066
A6L4U5	449.655183688142	966.848476947944	-2.03491895145485	0.975731515702331	-1.10447071001153
O07684	15.5956601271601	119.78548937635	-2.04289901067933	0.9754567185017	-2.94123662796563
Q01465	155.840005011044	739.283958625553	-2.03358057088251	0.975418604308366	-2.24606298039396
A6LU48	38.1950921902074	112.341323013942	-2.03353778871016	0.975407764510282	-1.55642951959226
O93796	11.1413855612369	73.1981674424813	-2.03302359329197	0.975271070515409	-2.71587887048554
Q93GF1	149.479400824572	506.967813363114	-2.03258519815326	0.975129384656969	-1.7619474696382
P94422	12.4287528396525	60.9934652804818	-2.03126962151281	0.974683475299505	-2.29497314670413
P11001	6.52802573129265	31.5327197544674	-2.03082274014384	0.974513631950745	-2.2721309614066
P74676	0.581798754821862	8.71642946446637	-2.08493359945721	0.97421957653713	-3.90514516691318
A3CLD3	5.06634143296607	32.7576798238666	-2.02979133817088	0.974101966377521	-2.69281696458724
P0A4N3	1.16814248046457	15.1857832552942	-2.02798683108015	0.973298847501359	-3.70043316382787
P37078	2.54485819586762	35.7347221721907	-2.07953987948119	0.973101732955292	-3.8116693976941
Q5AVF0	324.132434496681	747.030300645806	-2.07858234350961	0.972938569966614	-1.20458337005021
A6KYH1	1397.08689753705	2416.4443500315	-2.0784303272575	0.97291249434355	-0.790464012465771
A4INR2	14.6446433396697	73.9193718228379	-2.02714169978806	0.97290339210966	-2.33557943879337
B6YQ04	133.806144726757	362.380712688062	-2.0783663471429	0.972901524137634	-1.43736180176692
Q5FKW9	0.502864406391533	9.34994405335983	-2.0261626146892	0.972425050919415	-4.21671638676319
Q1WUL5	5.55458085201068	73.3168522049463	-2.0249830129602	0.971841957909524	-3.72239489111156
Q03H73	2.08048213457559	38.8722220390748	-2.07162031148039	0.971592189153549	-4.22374977339914
F4K410	181.239111101959	606.400222548627	-2.05290760684875	0.971566156736644	-1.74237596278025
A8YV22	1.27206360343853	32.0190854229611	-2.02428085280022	0.971493288661267	-4.65368938744433
Q6HA24	252.211025235551	633.07101136947	-2.05406194013899	0.971145619419091	-1.32773599187464
O32135	1.02500366784098	20.5581069964531	-2.05475746769123	0.970917764594037	-4.32600644902483
P50361	2.87139755744747	22.4146739209467	-2.02296701084461	0.970846471875492	-2.96461851495964
P39046	1.72988520580609	45.8067357848501	-2.06714290628656	0.970601158909244	-4.72681154948249
A6L0Y7	209.905006205204	397.490653581743	-2.06700398931758	0.970572009250924	-0.921184362790478
Q83XX3	1.05652709212257	25.052720118671	-2.02235645165113	0.970556501914042	-4.5675655863264
P94868	3.39008656102192	38.5222735808203	-2.06558090735792	0.970304305920143	-3.50629883731106
A2RCA2	5.38065751073524	149.621771562813	-2.06543828189018	0.970277936133441	-4.7973938284
Q5FKI8	0.992357374045782	19.6173914554931	-2.06543554315934	0.970277430102611	-4.30512964076128
Q042T6	0.595395429759693	10.8026199568439	-2.05929622846653	0.969972994404203	-4.18138929355727
E1V4H2	1168.39921267781	3611.95212855213	-2.06264879734972	0.969941345206485	-1.62824548088641
Q9KWH3	401.816323580464	1925.60932846268	-2.0604807138486	0.969902602197839	-2.26070695684972
Q03PY3	41.2475209963596	149.670808947186	-2.06105952409627	0.969880551569902	-1.85941355260278
A0AIW8	218.383285697951	543.439555741088	-1.97434986216227	0.969429827118395	-1.31525713831397
P94488	91.1191345109951	1544.38861170382	-1.97565736679482	0.969417595276556	-4.08313796702815
P23737	1.30021551526055	10.9472532786142	-1.97784568050691	0.969361010308956	-3.07374625579886
Q1WTA9	0.611183895067781	9.39057871885933	-1.96737747386751	0.969229470908933	-3.94153563704199
P94552	41.1787827581936	111.195093213278	-1.98168063580858	0.969192139473775	-1.43312003685984
A0A0G2Q9F8	463.703221672734	1264.01987280749	-1.98473643044157	0.969052260078788	-1.44674549033781
Q38X59	21.0132656902376	184.182523234491	-1.99499941408326	0.969032900614056	-3.13176387798953
P37872	10.7469445274506	46.5789301144861	-1.96495573419165	0.969032563122257	-2.11575095792091
Q74IV0	0.858211710449093	16.1963436538128	-1.99678950669267	0.96900125432244	-4.23819076226433
O31716	785.711316514726	1308.87107026612	-1.98665864046283	0.968996237158261	-0.736251747628515
P37746	53.7633624536764	114.071852193547	-1.98681403484857	0.968993220682099	-1.08524756854889
A5VLG3	0.598725187135619	8.66749170069407	-1.98710828181352	0.968987504211974	-3.8556486821786
Q5FKS7	1.19359725612316	22.1657478651287	-1.9907819525917	0.968985029069502	-4.21494401007412
Q5LH03	270.646725814545	553.995481503834	-1.99060792504776	0.968982475355417	-1.0334632744585
O34606	0.944425027713698	13.1929575906062	-1.96444410698367	0.968981819495039	-3.80418793909175
Q9CJD1	1.83320303837881	22.7967343046693	-1.99010624667342	0.968978165673641	-3.63638868204675
B5XYE2	201.265724122016	562.227114569588	-1.98983333192685	0.968976062767721	-1.48205153247736
A6L0V1	998.810744888332	1950.84342332331	-1.9977030759746	0.968966957034343	-0.965814743905981
P39315	0.699388026070487	9.5158071594333	-1.9989941327706	0.968886875860768	-3.76616103384763
Q5FL22	6.73613543561785	104.096130800577	-1.96316559789929	0.968830431528697	-3.94985148989674
Q1WRY7	0.547433969718514	10.8459175421707	-1.96315588549238	0.968829223845735	-4.30832333645691
A6KXK1	740.301980056034	1410.94437999392	-1.99989535903307	0.968808851659045	-0.930475325004018
P0DB88	184.359135497659	564.906904606806	-2.00241787669102	0.968512688113395	-1.61549422652878
Q6GIX1	0.872560864674833	13.2732708577659	-2.00354500404254	0.968348372539501	-3.92712435086077
Q8A482	2065.40825909533	4064.69142129422	-2.00419011675513	0.968251043462547	-0.976718851278091
P13976	12.0077110318837	93.24045170992	-2.01633845477094	0.96823723442133	-2.95699482999479
Q04A03	0.910024253485286	22.2602617754568	-1.9308304302661	0.968096481951974	-4.61242175254041
P71103	238.861601375485	518.357829825789	-1.95849022715666	0.968054537445712	-1.11777340543441
A5VM65	0.505285534218859	6.05033334942775	-1.92767236402591	0.968036248192421	-3.58184384851226
O31613	24.12583059544	56.935434094607	-1.92731641865782	0.9680093375755	-1.2387481897716
P96587	19.0539713664938	84.6061148449406	-1.93275721023092	0.967964907783356	-2.15067021084772
Q8A5S7	108.231772777026	269.361637408081	-2.01509825286949	0.967944042643621	-1.31542031389219
Q11XX3	144.979392852419	315.336421708085	-1.92620408326314	0.967883881319235	-1.12104396016834
Q74IT4	4.77873217321433	61.9792334814993	-1.93392238109732	0.967833805088803	-3.69708509443693
P63688	9.2923806574167	62.1706292714092	-1.93531214029754	0.96763636345543	-2.74211302174868
A8YUR0	0.788322998239293	17.4753679221883	-2.00940304467199	0.967595202436963	-4.47039215605488
Q5FMR0	0.610868522851455	11.98145411121	-2.01038832448406	0.967552746045848	-4.29379729664846
A5IP58	5.52659421808871	178.679145928264	-1.95606712379226	0.967546097859184	-5.01483676486452
Q5FM86	1.01850157309792	17.1730296619024	-1.93675310500149	0.967398597139667	-4.07562446802558
A0A0H2ZQ75	123.491518928786	728.21672699909	-1.95465287903966	0.967243992455826	-2.55995591486372
B9LS20	1.66549590672318	16.0686800760328	-1.93778612113394	0.967216766759933	-3.27022771365737
Q9CHL6	44.6683268829807	93.6743639735789	-1.92252150623164	0.967158111281812	-1.06840205961864
Q87GB7	1.80217033250377	28.4764094940651	-1.92215506400949	0.967062433151041	-3.98195997330632
P0C0I8	1.4345899618077	29.2573974071339	-1.95359861574433	0.967025760846976	-4.3500910940678
Q8R821	2.68826955828316	21.491263239181	-1.95336673067985	0.966980442134161	-2.99900057325003
Q5FKE1	0.879502400928536	18.358067910934	-1.95335890188402	0.966978914130807	-4.3835829044567
Q5LC24	84.9229813836423	182.318983282039	-1.92177882475331	0.96696414936543	-1.10223785860859
O07513	23.7452947902724	75.873993484485	-1.95310929675698	0.966930266054022	-1.67596380634514
Q88WM7	1.70713552185588	23.1668532510855	-1.93958845746453	0.966896464106852	-3.76241259940637
Q46495	1059.41348280728	3741.79169668475	-1.94002366029139	0.966822095557451	-1.82046347226993
A0AF63	2341.76959453561	4558.86815997176	-1.94016876047574	0.966797266599168	-0.961076551012971
Q74I68	9.13972133084894	59.5363913680582	-1.95196179822618	0.966719058372354	-2.70354969585371
A5VHT7	0.499451868692659	9.13686404500809	-1.92080060779155	0.966680244365134	-4.19328152854678
P0DB16	16.9847893266843	145.144508761639	-1.94138819010321	0.966605623760379	-3.09517476289108
A1A0H0	148.051149887918	2177.73926178117	-1.94197574667739	0.966518077522649	-3.87866363133857
P24401	11.6987538780276	441.256567175666	-1.95036648343958	0.966474319396473	-5.23719097918257
Q72HF4	174.32766695412	465.032519491047	-1.94280180620537	0.966419604122996	-1.41553005380684
P27298	369.964590273109	727.376895667291	-1.94372766805659	0.96632025696698	-0.975315905504185
P0AAR5	1.32212853939302	13.4600012204151	-1.94889542544766	0.966311064370595	-3.34774419092434
A8YUJ9	0.935290104012398	18.2029165955744	-1.9488903109002	0.966310654698597	-4.2826118941961
O86489	4.38024393362575	31.7196547319318	-1.94587322452517	0.96620659453252	-2.85629394725677
Q10449	168.285001799165	376.062575062963	-1.91709102388707	0.965455985119665	-1.16006613570458
P74505	0.741437401066501	7.80484516824139	-1.91663470707975	0.965293039557345	-3.39597321503277
Q042L3	0.623328169746871	13.5440107460221	-1.91443245000989	0.964506031536491	-4.44151929958609
Q0SS05	91.053606587188	286.671137513762	-1.91288456357599	0.963965476849564	-1.65460859129303
O31688	64.3885049316185	360.407182095373	-1.91145183471683	0.963490961767214	-2.48475270423707
A6L100	784.273133979931	1593.17560733027	-1.91105821731693	0.96336702926671	-1.0224772107891
A6L3H3	87.6588582484386	199.068830362053	-1.9110145803852	0.963353823729357	-1.18329555252875
Q1WSA1	0.485217427778693	8.39824420580092	-1.91012240785274	0.963083858063424	-4.11338446530725
O74860	1.42525570599584	30.0535936380546	-1.90831978152976	0.962589164568909	-4.39824482812193
Q5FIV8	0.88318979093127	15.5038469552869	-1.90822065443438	0.962566158498935	-4.13375892864079
A6L3B5	8.96229403344899	43.3854536649345	-1.90653675785959	0.962189152246485	-2.27527145086912
C6H178	18.5513499315816	78.5163262614025	-1.90489919946107	0.961895389443368	-2.08146849973922
Q7MVE7	170.274305062347	532.030553711773	-1.90059664149094	0.96140530836098	-1.64364835576283
Q74HC8	0.567746389481705	14.7917641244293	-1.89827653595897	0.961229069432081	-4.70340368769577
A0LYR8	229.415994073209	466.530606515999	-1.89720250376593	0.961137769522807	-1.02400575703082
A0LVS1	584.373164555111	1278.49552866344	-1.89551224052251	0.96096324154337	-1.12948528131181
A0M5Z9	279.111118519449	538.131790283828	-1.89288145770673	0.960529478794773	-0.947119940949891
Q839Z1	17.3562906689446	73.9540680326238	-1.89108491073634	0.960093629478601	-2.09117085609215
Q10744	49.8748223849474	222.875857635499	-1.89059665434806	0.959956035471669	-2.15985674070398
A8YUB8	0.750361430774424	16.0360409622556	-1.88910120440749	0.959451017068104	-4.4175885235943
O34563	43.7977789653293	149.893255413051	-1.88900618849585	0.959413844615285	-1.7750058532315
O34599	22.553918069662	134.327308027265	-1.88783348882391	0.958956945974334	-2.57430264126972
O32801	256.219318856453	804.257378408457	-1.88622437247135	0.958235761444215	-1.65027800795911
O07942	24.7691068220923	85.0675135167661	-1.88328489766092	0.956745744767074	-1.78006643970953
Q88V72	1.09420722736312	12.4207215113901	-1.88256956448188	0.956362609117173	-3.50479108603885
Q1WU92	1.10076435264338	15.7438326149872	-1.88044234327531	0.955231701761276	-3.83820922693221
O69053	0.852544083548923	15.6781802384956	-1.87653662529692	0.953348855127061	-4.20083987050223
Q5LAF5	11.901087612704	85.5669327189585	-1.8751218603189	0.952767743808785	-2.845959951741
Q58206	176.517255488805	582.715932193817	-1.87419951539896	0.952419368951321	-1.72298353493202
O94247	97.1107403484382	232.091327406334	-1.87400155899178	0.952349462365388	-1.25698984409826
Q5WED5	252.472629797769	1053.77584407753	-1.87330418562929	0.952103374146534	-2.06136911308866
A8YUC7	0.644531536153246	8.58365246559773	-1.8724694212126	0.951829902927855	-3.73526881076669
Q03UE4	1.28414019695552	26.3138585697171	-1.87088119961829	0.951341789933133	-4.35694819216609
A8YUK1	0.805621399355653	12.8223027952303	-1.8702289517759	0.951150070411271	-3.99240956735633
Q5FK09	0.570362813353463	8.95716258606882	-1.86970223302354	0.950998927852452	-3.9730899647254
Q5LHG9	257.945073728036	649.37215274807	-1.86961760616827	0.950974713186439	-1.33198162440003
Q5HHB9	14.6089409038461	142.48736974516	-1.86792016041785	0.950481420330056	-3.28591054589485
A0R8U6	4.09982729585624	37.2515839459109	-1.86790726934401	0.950477605211642	-3.18366672762855
P24202	11.0949829429059	58.91560251379	-1.86781633786612	0.950450690301112	-2.40874230142612
Q06716	44.1893886042129	547.266666112487	-1.86706176125623	0.950223217173642	-3.63047210949877
A7LXT7	25.9118795333455	71.5795466622394	-1.86659268215665	0.950073218553373	-1.46593374065936
O33813	12.1812733229581	101.392126819025	-1.86643457556102	0.950022600327729	-3.05720877738479
